2461355.8317939588 1.0004624555
2461355.8319536811 1.0019920104
2461355.8321134034 1.0004323463
2461355.8322731256 1.0001540283
2461355.8324328475 1.0018579209
2461355.8325925698 1.0016659982
2461355.8327522920 1.0009573196
2461355.8329120143 1.0005524106
2461355.8330717366 1.0007213696
2461355.8332314589 1.0022881315
2461355.8333911812 1.0016101942
2461355.8335509030 1.0005605717
2461355.8337106253 1.0014508967
2461355.8338703476 1.0003097236
2461355.8340300699 1.0016840222
2461355.8341897922 1.0016894196
2461355.8343495145 1.0007332453
2461355.8345092367 1.0012081946
2461355.8346689586 1.0009756425
2461355.8348286808 1.0007785543
2461355.8349884031 1.0014161917
2461355.8351481254 1.0000430988
2461355.8353078477 1.0010543105
2461355.8354675700 1.0011502120
2461355.8356272923 1.0016476447
2461355.8357870141 1.0011606669
2461355.8359467364 1.0027689968
2461355.8361064587 0.9995291738
2461355.8362661810 1.0005208466
2461355.8364259033 1.0019262711
2461355.8365856255 1.0009415713
2461355.8367453478 1.0010618825
2461355.8369050696 1.0008254848
2461355.8370647919 1.0013594324
2461355.8372245142 1.0004812035
2461355.8373842365 1.0005657882
2461355.8375439588 1.0014646754
2461355.8377036811 1.0004182256
2461355.8378634034 1.0007926404
2461355.8380231252 1.0002655279
2461355.8381828475 1.0006879002
2461355.8383425698 1.0015046850
2461355.8385022921 1.0005428878
2461355.8386620143 1.0006878823
2461355.8388217366 1.0010979167
2461355.8389814589 1.0008181418
2461355.8391411807 1.0007287204
2461355.8393009030 1.0004403478
2461355.8394606253 1.0010610358
2461355.8396203476 0.9997638417
2461355.8397800699 1.0002263045
2461355.8399397922 1.0006324120
2461355.8400995145 1.0006629560
2461355.8402592363 1.0013052808
2461355.8404189586 1.0015809230
2461355.8405786809 1.0013016310
2461355.8407384031 0.9997969979
2461355.8408981254 1.0002184427
2461355.8410578477 0.9996799531
2461355.8412175700 1.0001691279
2461355.8413772918 1.0003407829
2461355.8415370141 1.0005402533
2461355.8416967364 1.0006827040
2461355.8418564587 1.0000630838
2461355.8420161810 0.9998060129
2461355.8421759033 1.0008961485
2461355.8423356256 1.0004174794
2461355.8424953474 1.0006054230
2461355.8426550701 1.0003074634
2461355.8428147919 0.9998819764
2461355.8429745142 0.9997621511
2461355.8431342365 1.0002312774
2461355.8432939588 1.0004066854
2461355.8434536811 1.0010237402
2461355.8436134029 1.0000561803
2461355.8437731257 0.9999805911
2461355.8439328475 1.0011726595
2461355.8440925698 1.0005336449
2461355.8442522921 0.9992518311
2461355.8444120144 1.0007742316
2461355.8445717366 1.0002014024
2461355.8447314585 1.0008613918
2461355.8448911812 0.9993666415
2461355.8450509030 1.0003281509
2461355.8452106253 1.0007156024
2461355.8453703476 1.0001712354
2461355.8455300699 1.0004015941
2461355.8456897922 1.0005376765
2461355.8458495140 1.0010354774
2461355.8460092368 0.9998727854
2461355.8461689586 1.0007939636
2461355.8463286809 1.0004783725
2461355.8464884032 1.0001013290
2461355.8466481254 0.9996949730
2461355.8468078477 1.0002472760
2461355.8469675700 1.0008035342
2461355.8471272923 0.9994995356
2461355.8472870141 0.9996858796
2461355.8474467364 1.0003947090
2461355.8476064587 0.9987627906
2461355.8477661810 1.0008295555
2461355.8479259033 1.0011960308
2461355.8480856256 1.0007639513
2461355.8482453479 1.0007573800
2461355.8484050697 1.0016455111
2461355.8485647920 1.0002853274
2461355.8487245142 1.0006106315
2461355.8488842365 1.0004243669
2461355.8490439588 0.9996610441
2461355.8492036811 1.0013361391
2461355.8493634034 0.9996149210
2461355.8495231252 0.9998847864
2461355.8496828475 1.0003604601
2461355.8498425698 1.0009561421
2461355.8500022921 1.0013360052
2461355.8501620144 1.0011094937
2461355.8503217367 1.0001913678
2461355.8504814589 0.9996449060
2461355.8506411808 0.9999052733
2461355.8508009030 1.0020818137
2461355.8509606253 1.0011144264
2461355.8511203476 0.9993508439
2461355.8512800699 1.0009057304
2461355.8514397922 0.9989504224
2461355.8515995145 0.9999760244
2461355.8517592363 1.0009029813
2461355.8519189586 0.9990153300
2461355.8520786809 1.0011208138
2461355.8522384032 1.0016047506
2461355.8523981255 1.0010728581
2461355.8525578477 1.0007097883
2461355.8527175700 1.0002718820
2461355.8528772919 1.0005052498
2461355.8530370141 1.0003528933
2461355.8531967364 1.0012120821
2461355.8533564587 1.0008512515
2461355.8535161810 0.9999722663
2461355.8536759033 1.0013130692
2461355.8538356256 0.9999190893
2461355.8539953474 0.9998906977
2461355.8541550697 1.0012873559
2461355.8543147920 1.0010506088
2461355.8544745143 0.9998105857
2461355.8546342365 1.0007826650
2461355.8547939588 1.0000058829
2461355.8549536811 1.0007577293
2461355.8551134029 0.9990963459
2461355.8552731252 1.0009102257
2461355.8554328475 0.9997132130
2461355.8555925698 0.9997232077
2461355.8557522921 1.0007532115
2461355.8559120144 0.9999176689
2461355.8560717367 0.9992625020
2461355.8562314585 1.0009999936
2461355.8563911812 1.0002847850
2461355.8565509031 0.9991883120
2461355.8567106253 1.0001757881
2461355.8568703476 0.9998855463
2461355.8570300699 1.0000054508
2461355.8571897922 1.0007454875
2461355.8573495140 1.0003528486
2461355.8575092368 0.9997147042
2461355.8576689586 0.9987128582
2461355.8578286809 0.9997584154
2461355.8579884032 1.0009621536
2461355.8581481255 0.9998888153
2461355.8583078478 0.9993245824
2461355.8584675696 1.0009126477
2461355.8586272923 1.0009100213
2461355.8587870141 1.0002294799
2461355.8589467364 1.0000425379
2461355.8591064587 1.0004408641
2461355.8592661810 0.9988470261
2461355.8594259033 0.9995463087
2461355.8595856251 0.9987271311
2461355.8597453479 0.9992858521
2461355.8599050697 1.0011819856
2461355.8600647920 0.9999574717
2461355.8602245143 0.9981316782
2461355.8603842366 0.9994770626
2461355.8605439588 1.0011535577
2461355.8607036811 1.0005576814
2461355.8608634034 1.0002235798
2461355.8610231252 0.9984130991
2461355.8611828475 0.9989181929
2461355.8613425698 1.0003377012
2461355.8615022921 1.0002429361
2461355.8616620144 1.0002392491
2461355.8618217367 1.0005610558
2461355.8619814590 1.0001327055
2461355.8621411808 0.9997976370
2461355.8623009031 1.0010628847
2461355.8624606254 1.0005502471
2461355.8626203476 0.9994931860
2461355.8627800699 0.9994476037
2461355.8629397922 0.9997424321
2461355.8630995145 0.9982961213
2461355.8632592363 1.0008401627
2461355.8634189586 0.9994537337
2461355.8635786809 0.9992711690
2461355.8637384032 0.9996724266
2461355.8638981255 1.0003798529
2461355.8640578478 0.9996032992
2461355.8642175701 0.9997954726
2461355.8643772919 1.0007789608
2461355.8645370142 1.0001873317
2461355.8646967364 0.9994997440
2461355.8648564587 1.0000851311
2461355.8650161810 0.9996816697
2461355.8651759033 1.0011153259
2461355.8653356256 1.0001457706
2461355.8654953474 0.9986691756
2461355.8656550697 1.0003121382
2461355.8658147920 0.9993870611
2461355.8659745143 1.0001037903
2461355.8661342366 1.0002916828
2461355.8662939589 1.0003026652
2461355.8664536811 0.9993193741
2461355.8666134030 0.9988347500
2461355.8667731252 1.0011038959
2461355.8669328475 0.9991651513
2461355.8670925698 0.9995255472
2461355.8672522921 1.0005482093
2461355.8674120144 1.0001550417
2461355.8675717367 0.9989945590
2461355.8677314585 1.0013597001
2461355.8678911808 0.9995259855
2461355.8680509031 0.9992039076
2461355.8682106254 0.9988001886
2461355.8683703477 1.0002335486
2461355.8685300699 0.9997688651
2461355.8686897922 0.9989780206
2461355.8688495141 1.0002959302
2461355.8690092363 1.0005043972
2461355.8691689586 0.9998313896
2461355.8693286809 0.9997279632
2461355.8694884032 0.9988993697
2461355.8696481255 1.0003645806
2461355.8698078478 1.0000988008
2461355.8699675696 0.9994207193
2461355.8701272923 0.9993855064
2461355.8702870142 1.0006034255
2461355.8704467365 0.9996944024
2461355.8706064587 1.0008381838
2461355.8707661810 1.0002520247
2461355.8709259033 0.9992673900
2461355.8710856251 1.0003596277
2461355.8712453479 1.0001234171
2461355.8714050697 1.0011434878
2461355.8715647920 0.9992045775
2461355.8717245143 0.9994425757
2461355.8718842366 1.0007603360
2461355.8720439589 0.9989616956
2461355.8722036807 1.0002357666
2461355.8723634034 0.9987728168
2461355.8725231253 1.0011944200
2461355.8726828475 0.9999982159
2461355.8728425698 1.0003900949
2461355.8730022921 1.0003605226
2461355.8731620144 0.9997258854
2461355.8733217362 0.9993899310
2461355.8734814590 0.9998954178
2461355.8736411808 1.0003401029
2461355.8738009031 1.0005956422
2461355.8739606254 1.0001417057
2461355.8741203477 0.9995372482
2461355.8742800700 1.0000588491
2461355.8744397922 1.0003364605
2461355.8745995145 0.9987323227
2461355.8747592364 0.9990502405
2461355.8749189586 1.0006651100
2461355.8750786809 0.9996303495
2461355.8752384032 0.9987243172
2461355.8753981255 0.9992736804
2461355.8755578478 1.0002162419
2461355.8757175701 0.9999178387
2461355.8758772919 0.9999532604
2461355.8760370142 1.0002975364
2461355.8761967365 1.0001575304
2461355.8763564588 0.9998562112
2461355.8765161810 0.9999597387
2461355.8766759033 0.9993706750
2461355.8768356256 1.0000990575
2461355.8769953474 1.0019368237
2461355.8771550697 1.0002126700
2461355.8773147920 0.9996049874
2461355.8774745143 0.9992889805
2461355.8776342366 0.9995821807
2461355.8777939589 0.9993666073
2461355.8779536812 0.9994690956
2461355.8781134030 0.9998222265
2461355.8782731253 1.0001396887
2461355.8784328476 1.0005789598
2461355.8785925698 0.9991860584
2461355.8787522921 0.9994768361
2461355.8789120144 1.0004242972
2461355.8790717367 0.9991586119
2461355.8792314585 1.0002367717
2461355.8793911808 0.9997894650
2461355.8795509031 1.0002753124
2461355.8797106254 0.9996439571
2461355.8798703477 1.0007233561
2461355.8800300700 1.0013178831
2461355.8801897923 1.0001979338
2461355.8803495141 1.0002569341
2461355.8805092364 0.9989658667
2461355.8806689586 0.9991763041
2461355.8808286809 1.0001406985
2461355.8809884032 0.9997640711
2461355.8811481255 1.0001468359
2461355.8813078478 1.0000279421
2461355.8814675696 1.0003772526
2461355.8816272919 1.0000510515
2461355.8817870142 0.9999750699
2461355.8819467365 0.9993931081
2461355.8821064588 1.0002513727
2461355.8822661811 1.0001013290
2461355.8824259033 0.9988244559
2461355.8825856252 0.9991533250
2461355.8827453475 1.0000554803
2461355.8829050697 1.0001386825
2461355.8830647920 1.0000758081
2461355.8832245143 1.0001074533
2461355.8833842366 0.9995981618
2461355.8835439589 0.9988101378
2461355.8837036807 0.9998054902
2461355.8838634035 0.9990400258
2461355.8840231253 0.9998394517
2461355.8841828476 0.9992640950
2461355.8843425699 0.9994616923
2461355.8845022921 0.9997460102
2461355.8846620144 0.9984618337
2461355.8848217363 1.0005124999
2461355.8849814590 1.0005633442
2461355.8851411808 0.9995878661
2461355.8853009031 0.9992952740
2461355.8854606254 1.0004170869
2461355.8856203477 0.9994376403
2461355.8857800700 0.9990046073
2461355.8859397918 0.9996306286
2461355.8860995146 1.0006952597
2461355.8862592364 0.9982900113
2461355.8864189587 0.9998727445
2461355.8865786809 0.9996725823
2461355.8867384032 1.0000397552
2461355.8868981255 1.0002145277
2461355.8870578473 1.0007741460
2461355.8872175701 0.9993444012
2461355.8873772919 0.9993755246
2461355.8875370142 1.0012828684
2461355.8876967365 1.0002692083
2461355.8878564588 0.9992485633
2461355.8880161811 0.9998432089
2461355.8881759034 1.0005314244
2461355.8883356256 1.0000228820
2461355.8884953475 1.0010644352
2461355.8886550697 1.0001540841
2461355.8888147920 0.9988389150
2461355.8889745143 0.9997923560
2461355.8891342366 0.9988894787
2461355.8892939589 1.0001414381
2461355.8894536812 0.9984369466
2461355.8896134030 1.0009287708
2461355.8897731253 0.9998234360
2461355.8899328476 0.9996148499
2461355.8900925699 1.0006282817
2461355.8902522922 1.0015067696
2461355.8904120144 0.9995743163
2461355.8905717367 0.9994771353
2461355.8907314586 0.9991534465
2461355.8908911808 0.9992736028
2461355.8910509031 0.9992458448
2461355.8912106254 0.9993839039
2461355.8913703477 1.0002991757
2461355.8915300700 0.9984906014
2461355.8916897923 1.0001644568
2461355.8918495141 0.9992988775
2461355.8920092364 0.9998281134
2461355.8921689587 0.9990443997
2461355.8923286810 1.0012759665
2461355.8924884032 0.9997758979
2461355.8926481255 0.9998873279
2461355.8928078478 0.9994788776
2461355.8929675696 0.9996028942
2461355.8931272919 0.9993852975
2461355.8932870142 0.9994314175
2461355.8934467365 1.0005615051
2461355.8936064588 0.9994234469
2461355.8937661811 0.9996617385
2461355.8939259034 1.0008881004
2461355.8940856252 0.9996823660
2461355.8942453475 0.9999315920
2461355.8944050698 0.9990567829
2461355.8945647920 1.0003848844
2461355.8947245143 0.9998773763
2461355.8948842366 1.0009829854
2461355.8950439589 0.9994562085
2461355.8952036807 1.0015666116
2461355.8953634030 0.9992747215
2461355.8955231253 1.0006891538
2461355.8956828476 1.0005985159
2461355.8958425699 1.0001323768
2461355.8960022922 0.9992622634
2461355.8961620145 0.9994615684
2461355.8963217363 0.9998796062
2461355.8964814586 0.9997799676
2461355.8966411809 1.0015735491
2461355.8968009031 0.9990244914
2461355.8969606254 0.9995060796
2461355.8971203477 1.0002834141
2461355.8972800700 1.0005220718
2461355.8974397918 0.9995623132
2461355.8975995146 1.0003138664
2461355.8977592364 1.0006664512
2461355.8979189587 1.0009186143
2461355.8980786810 0.9991607283
2461355.8982384033 0.9995247695
2461355.8983981255 1.0004202666
2461355.8985578474 0.9995024057
2461355.8987175701 0.9994802337
2461355.8988772919 0.9993456771
2461355.8990370142 1.0001697536
2461355.8991967365 0.9998660167
2461355.8993564588 0.9994700119
2461355.8995161811 0.9995867360
2461355.8996759029 1.0009496124
2461355.8998356257 0.9984150620
2461355.8999953475 1.0005598795
2461355.9001550698 1.0013205281
2461355.9003147921 1.0006146704
2461355.9004745143 0.9999153999
2461355.9006342366 0.9998839589
2461355.9007939585 1.0008607291
2461355.9009536812 0.9989999747
2461355.9011134030 0.9996278283
2461355.9012731253 0.9998852145
2461355.9014328476 0.9991145549
2461355.9015925699 0.9993882934
2461355.9017522922 0.9993891454
2461355.9019120145 0.9986562562
2461355.9020717368 0.9996057927
2461355.9022314586 0.9996200577
2461355.9023911809 0.9992089325
2461355.9025509031 1.0004997416
2461355.9027106254 0.9990671933
2461355.9028703477 1.0001860538
2461355.9030300700 1.0002954800
2461355.9031897923 0.9997200073
2461355.9033495141 0.9989972263
2461355.9035092364 0.9994833537
2461355.9036689587 0.9993509845
2461355.9038286810 1.0010787373
2461355.9039884033 0.9991068462
2461355.9041481256 0.9993515070
2461355.9043078478 0.9990206184
2461355.9044675697 1.0000486374
2461355.9046272920 1.0002298133
2461355.9047870142 0.9999796164
2461355.9049467365 0.9990030190
2461355.9051064588 1.0010113666
2461355.9052661811 1.0005916396
2461355.9054259034 1.0004742893
2461355.9055856252 0.9991005811
2461355.9057453475 0.9996113566
2461355.9059050698 0.9992517217
2461355.9060647921 1.0012255295
2461355.9062245144 1.0000296671
2461355.9063842366 1.0001245723
2461355.9065439589 0.9988070234
2461355.9067036808 0.9993475366
2461355.9068634030 1.0003967569
2461355.9070231253 0.9995837652
2461355.9071828476 0.9993390174
2461355.9073425699 1.0001059878
2461355.9075022922 0.9999568617
2461355.9076620145 0.9997541268
2461355.9078217363 0.9986083644
2461355.9079814586 0.9998013017
2461355.9081411809 1.0010320484
2461355.9083009032 0.9991476577
2461355.9084606254 1.0003496356
2461355.9086203477 0.9991323078
2461355.9087800700 0.9998824014
2461355.9089397918 0.9996541632
2461355.9090995141 0.9992532133
2461355.9092592364 1.0003987515
2461355.9094189587 1.0004833368
2461355.9095786810 0.9988569762
2461355.9097384033 0.9988981738
2461355.9098981256 1.0000808889
2461355.9100578474 0.9980192192
2461355.9102175697 1.0004828493
2461355.9103772920 1.0002237470
2461355.9105370142 1.0002750610
2461355.9106967365 0.9986234155
2461355.9108564588 0.9988333500
2461355.9110161811 0.9997508274
2461355.9111759029 0.9999350039
2461355.9113356257 1.0009517142
2461355.9114953475 1.0000590390
2461355.9116550698 1.0001613234
2461355.9118147921 1.0004201441
2461355.9119745144 1.0021755135
2461355.9121342367 1.0015734646
2461355.9122939585 0.9997239821
2461355.9124536812 1.0004003614
2461355.9126134031 0.9994136785
2461355.9127731253 0.9992245992
2461355.9129328476 1.0015983051
2461355.9130925699 1.0001550164
2461355.9132522922 1.0007504020
2461355.9134120140 0.9992359451
2461355.9135717368 0.9996128073
2461355.9137314586 1.0008907674
2461355.9138911809 0.9997202343
2461355.9140509032 0.9987090878
2461355.9142106255 0.9991183037
2461355.9143703477 1.0004188636
2461355.9145300696 0.9993516437
2461355.9146897923 0.9998140391
2461355.9148495141 1.0001396607
2461355.9150092364 0.9983172905
2461355.9151689587 0.9996699310
2461355.9153286810 1.0004484373
2461355.9154884033 0.9998030218
2461355.9156481256 0.9999444182
2461355.9158078479 0.9996408514
2461355.9159675697 1.0002241691
2461355.9161272920 1.0005445095
2461355.9162870143 0.9996579093
2461355.9164467365 0.9989609584
2461355.9166064588 1.0002098770
2461355.9167661811 1.0002062250
2461355.9169259034 1.0010891355
2461355.9170856252 0.9980502303
2461355.9172453475 1.0014090295
2461355.9174050698 1.0016482758
2461355.9175647921 1.0013658220
2461355.9177245144 0.9994133884
2461355.9178842367 1.0008383474
2461355.9180439590 1.0000997802
2461355.9182036808 1.0008066631
2461355.9183634031 1.0000246179
2461355.9185231254 0.9993176784
2461355.9186828476 1.0008989813
2461355.9188425699 0.9989626716
2461355.9190022922 0.9996504921
2461355.9191620145 0.9997120237
2461355.9193217363 1.0008942460
2461355.9194814586 1.0002492526
2461355.9196411809 0.9993431721
2461355.9198009032 0.9996892692
2461355.9199606255 0.9997564529
2461355.9201203478 0.9989506223
2461355.9202800700 1.0002791060
2461355.9204397919 0.9998553876
2461355.9205995142 0.9996260972
2461355.9207592364 0.9994566331
2461355.9209189587 0.9993379624
2461355.9210786810 0.9986006256
2461355.9212384033 0.9997573286
2461355.9213981256 0.9994583288
2461355.9215578474 0.9998221838
2461355.9217175697 0.9984298025
2461355.9218772920 1.0010294326
2461355.9220370143 0.9992567170
2461355.9221967366 0.9991793766
2461355.9223564588 0.9987858530
2461355.9225161811 0.9996565096
2461355.9226759030 1.0006609239
2461355.9228356252 0.9995651026
2461355.9229953475 0.9996102788
2461355.9231550698 0.9995591123
2461355.9233147921 1.0004585812
2461355.9234745144 0.9991414884
2461355.9236342367 0.9993622462
2461355.9237939585 0.9997358852
2461355.9239536808 1.0002724369
2461355.9241134031 1.0002301584
2461355.9242731254 1.0003783607
2461355.9244328476 1.0001862205
2461355.9245925699 1.0004610218
2461355.9247522922 0.9986800696
2461355.9249120140 0.9990516452
2461355.9250717363 0.9994784668
2461355.9252314586 0.9995331747
2461355.9253911809 1.0001186860
2461355.9255509032 1.0000061463
2461355.9257106255 0.9995580208
2461355.9258703478 0.9995565360
2461355.9260300696 0.9997778373
2461355.9261897923 0.9998771323
2461355.9263495142 1.0004731004
2461355.9265092365 1.0008153427
2461355.9266689587 1.0002804234
2461355.9268286810 0.9999376349
2461355.9269884033 1.0006925267
2461355.9271481251 1.0009612270
2461355.9273078479 1.0002830420
2461355.9274675697 0.9992822810
2461355.9276272920 0.9993506033
2461355.9277870143 1.0004623836
2461355.9279467366 0.9994571285
2461355.9281064589 1.0006840317
2461355.9282661807 0.9991038251
2461355.9284259034 1.0008927255
2461355.9285856253 0.9981371403
2461355.9287453475 0.9999913502
2461355.9289050698 1.0003009187
2461355.9290647921 0.9995511687
2461355.9292245144 0.9985470689
2461355.9293842367 0.9995026355
2461355.9295439590 1.0006010331
2461355.9297036808 0.9997267437
2461355.9298634031 0.9998427540
2461355.9300231254 0.9998159042
2461355.9301828477 1.0003483826
2461355.9303425699 0.9992355850
2461355.9305022922 1.0009347721
2461355.9306620145 0.9989686831
2461355.9308217363 1.0003411664
2461355.9309814586 1.0000946883
2461355.9311411809 0.9997311027
2461355.9313009032 0.9991575933
2461355.9314606255 1.0009970296
2461355.9316203478 0.9994256222
2461355.9317800701 0.9996255374
2461355.9319397919 0.9994917450
2461355.9320995142 1.0002360328
2461355.9322592365 0.9996180697
2461355.9324189587 1.0002792528
2461355.9325786810 1.0009247618
2461355.9327384033 1.0001514396
2461355.9328981256 1.0006173719
2461355.9330578474 0.9996039553
2461355.9332175697 0.9992329103
2461355.9333772920 1.0008413708
2461355.9335370143 1.0006950277
2461355.9336967366 0.9996919726
2461355.9338564589 0.9989699091
2461355.9340161812 0.9992857014
2461355.9341759030 0.9979900512
2461355.9343356253 1.0008517501
2461355.9344953476 0.9994117641
2461355.9346550698 1.0003027790
2461355.9348147921 0.9991823540
2461355.9349745144 0.9998348949
2461355.9351342367 1.0005474122
2461355.9352939585 1.0007281795
2461355.9354536808 0.9987489228
2461355.9356134031 0.9994371762
2461355.9357731254 0.9999693598
2461355.9359328477 1.0005738210
2461355.9360925700 1.0007591731
2461355.9362522922 1.0001708556
2461355.9364120141 1.0002332826
2461355.9365717364 0.9990180485
2461355.9367314586 1.0007093671
2461355.9368911809 0.9990835304
2461355.9370509032 0.9990740797
2461355.9372106255 0.9995424070
2461355.9373703478 0.9999215203
2461355.9375300696 1.0001198401
2461355.9376897919 1.0000682522
2461355.9378495142 0.9992659698
2461355.9380092365 0.9991617582
2461355.9381689588 1.0004106008
2461355.9383286810 1.0003844837
2461355.9384884033 0.9999597180
2461355.9386481252 0.9997166123
2461355.9388078474 0.9989844894
2461355.9389675697 0.9994595686
2461355.9391272920 1.0002435891
2461355.9392870143 0.9997243857
2461355.9394467366 1.0012692034
2461355.9396064589 0.9989663076
2461355.9397661807 1.0005519829
2461355.9399259035 0.9996413275
2461355.9400856253 1.0000790740
2461355.9402453476 0.9996102189
2461355.9404050699 1.0005814321
2461355.9405647921 0.9991517914
2461355.9407245144 1.0003768980
2461355.9408842362 1.0008713303
2461355.9410439590 1.0001568272
2461355.9412036808 0.9990912580
2461355.9413634031 0.9998256657
2461355.9415231254 1.0004896087
2461355.9416828477 1.0006519173
2461355.9418425700 0.9990104065
2461355.9420022918 0.9995895849
2461355.9421620145 0.9997665914
2461355.9423217364 1.0002951912
2461355.9424814587 1.0001278227
2461355.9426411809 1.0010185504
2461355.9428009032 1.0002967998
2461355.9429606255 1.0006136382
2461355.9431203478 1.0000209114
2461355.9432800701 0.9988171598
2461355.9434397919 1.0000110179
2461355.9435995142 0.9993287118
2461355.9437592365 0.9993971675
2461355.9439189588 1.0004380883
2461355.9440786811 1.0013740123
2461355.9442384033 1.0001587524
2461355.9443981256 1.0005160865
2461355.9445578475 0.9997703406
2461355.9447175697 0.9999742038
2461355.9448772920 0.9998976887
2461355.9450370143 0.9990736187
2461355.9451967366 1.0001615603
2461355.9453564589 1.0001969285
2461355.9455161812 0.9986844792
2461355.9456759030 1.0006797015
2461355.9458356253 1.0001599242
2461355.9459953476 1.0003597541
2461355.9461550699 1.0001605220
2461355.9463147921 1.0006936137
2461355.9464745144 0.9996481911
2461355.9466342367 0.9989318954
2461355.9467939585 0.9986598475
2461355.9469536808 0.9999041461
2461355.9471134031 1.0001677331
2461355.9472731254 1.0008668602
2461355.9474328477 1.0005698229
2461355.9475925700 0.9990310037
2461355.9477522923 0.9991760526
2461355.9479120141 1.0007664022
2461355.9480717364 1.0006113354
2461355.9482314587 0.9983737582
2461355.9483911810 1.0001964852
2461355.9485509032 1.0004274458
2461355.9487106255 0.9992541121
2461355.9488703478 0.9994183020
2461355.9490300696 0.9992684213
2461355.9491897919 0.9996709691
2461355.9493495142 1.0020304227
2461355.9495092365 0.9997437170
2461355.9496689588 0.9997025291
2461355.9498286811 0.9999182030
2461355.9499884034 0.9998310562
2461355.9501481252 1.0000274019
2461355.9503078475 1.0001583084
2461355.9504675698 0.9999252362
2461355.9506272920 0.9995902699
2461355.9507870143 0.9994939681
2461355.9509467366 1.0012149709
2461355.9511064589 0.9988711431
2461355.9512661807 0.9989867094
2461355.9514259030 0.9996195613
2461355.9515856253 0.9999279602
2461355.9517453476 0.9998356994
2461355.9519050699 1.0007419495
2461355.9520647922 0.9996467804
2461355.9522245144 0.9988761299
2461355.9523842363 1.0000232052
2461355.9525439586 1.0003239157
2461355.9527036808 0.9998176059
2461355.9528634031 1.0001129197
2461355.9530231254 1.0001357128
2461355.9531828477 0.9999403499
2461355.9533425700 1.0007187277
2461355.9535022918 1.0002564077
2461355.9536620146 1.0006637005
2461355.9538217364 0.9991423709
2461355.9539814587 0.9995863159
2461355.9541411810 1.0008697675
2461355.9543009032 0.9996408734
2461355.9544606255 1.0006038034
2461355.9546203474 1.0006467027
2461355.9547800701 1.0006415436
2461355.9549397919 0.9989714693
2461355.9550995142 1.0011127780
2461355.9552592365 1.0004148367
2461355.9554189588 0.9999026965
2461355.9555786811 0.9992669459
2461355.9557384029 1.0002226719
2461355.9558981257 0.9993439320
2461355.9560578475 1.0000332907
2461355.9562175698 0.9997720501
2461355.9563772921 0.9989734551
2461355.9565370143 1.0006338958
2461355.9566967366 0.9994634122
2461355.9568564589 1.0008223599
2461355.9570161812 0.9997236504
2461355.9571759030 0.9999003787
2461355.9573356253 1.0005387570
2461355.9574953476 0.9993182206
2461355.9576550699 0.9992099585
2461355.9578147922 1.0001686440
2461355.9579745145 0.9988193136
2461355.9581342367 1.0012168288
2461355.9582939586 0.9998518333
2461355.9584536809 1.0009343614
2461355.9586134031 1.0003325554
2461355.9587731254 0.9996170786
2461355.9589328477 1.0000824341
2461355.9590925700 0.9997442968
2461355.9592522923 0.9997512849
2461355.9594120141 1.0002851321
2461355.9595717364 0.9995226770
2461355.9597314587 1.0000499587
2461355.9598911810 1.0004091829
2461355.9600509033 1.0012426252
2461355.9602106255 1.0000429523
2461355.9603703478 0.9991166079
2461355.9605300697 0.9993114214
2461355.9606897919 1.0007180912
2461355.9608495142 1.0009530741
2461355.9610092365 1.0012354967
2461355.9611689588 0.9992883616
2461355.9613286811 0.9990993081
2461355.9614884034 0.9995311491
2461355.9616481252 1.0001725523
2461355.9618078475 1.0001321448
2461355.9619675698 0.9994999221
2461355.9621272921 0.9991764879
2461355.9622870144 0.9999810545
2461355.9624467366 1.0002384458
2461355.9626064589 0.9997310027
2461355.9627661807 1.0007538419
2461355.9629259030 0.9995660548
2461355.9630856253 0.9993572561
2461355.9632453476 1.0003204785
2461355.9634050699 1.0010223320
2461355.9635647922 1.0005362883
2461355.9637245145 1.0009196670
2461355.9638842363 0.9986770915
2461355.9640439586 1.0006776143
2461355.9642036809 0.9999463886
2461355.9643634032 1.0004335113
2461355.9645231254 0.9995697613
2461355.9646828477 1.0001957690
2461355.9648425700 0.9997840601
2461355.9650022918 1.0000380207
2461355.9651620141 1.0003652421
2461355.9653217364 0.9993725676
2461355.9654814587 0.9991894079
2461355.9656411810 1.0004626247
2461355.9658009033 1.0001531571
2461355.9659606256 0.9999283205
2461355.9661203474 0.9989246274
2461355.9662800697 1.0011029450
2461355.9664397920 1.0012377030
2461355.9665995142 0.9996522983
2461355.9667592365 1.0002325027
2461355.9669189588 1.0005473564
2461355.9670786811 0.9997369249
2461355.9672384029 0.9997958798
2461355.9673981257 0.9989831265
2461355.9675578475 0.9999679959
2461355.9677175698 1.0005923369
2461355.9678772921 1.0007435987
2461355.9680370144 0.9994537567
2461355.9681967366 0.9998309957
2461355.9683564585 0.9999857532
2461355.9685161812 1.0002813925
2461355.9686759030 1.0004709454
2461355.9688356253 1.0001309433
2461355.9689953476 1.0000516549
2461355.9691550699 0.9997715192
2461355.9693147922 1.0010661820
2461355.9694745140 1.0005291532
2461355.9696342368 0.9994167973
2461355.9697939586 0.9998413517
2461355.9699536809 1.0009114582
2461355.9701134032 1.0002049269
2461355.9702731255 0.9990904596
2461355.9704328477 1.0007141826
2461355.9705925700 1.0000559646
2461355.9707522923 1.0008347329
2461355.9709120141 1.0009110775
2461355.9710717364 1.0007041478
2461355.9712314587 1.0012125923
2461355.9713911810 1.0011852218
2461355.9715509033 0.9998136662
2461355.9717106256 0.9996247660
2461355.9718703479 0.9993773389
2461355.9720300697 0.9997069529
2461355.9721897920 0.9994985273
2461355.9723495143 0.9988478399
2461355.9725092365 1.0004044110
2461355.9726689588 0.9993590922
2461355.9728286811 0.9991809828
2461355.9729884034 1.0000806056
2461355.9731481252 0.9994553497
2461355.9733078475 1.0006962310
2461355.9734675698 0.9994184322
2461355.9736272921 0.9994822633
2461355.9737870144 1.0007521656
2461355.9739467367 0.9999012531
2461355.9741064589 0.9997673337
2461355.9742661808 0.9997655557
2461355.9744259031 1.0007291990
2461355.9745856253 0.9995754299
2461355.9747453476 0.9994066133
2461355.9749050699 0.9998609893
2461355.9750647922 0.9999256319
2461355.9752245145 1.0005033943
2461355.9753842363 0.9997656472
2461355.9755439586 0.9995805911
2461355.9757036809 1.0003629473
2461355.9758634032 1.0001236812
2461355.9760231255 0.9988350815
2461355.9761828477 1.0004912852
2461355.9763425700 1.0001354430
2461355.9765022919 1.0006221348
2461355.9766620141 0.9984625902
2461355.9768217364 1.0006346207
2461355.9769814587 1.0001476080
2461355.9771411810 0.9999678732
2461355.9773009033 0.9997117681
2461355.9774606256 1.0004365303
2461355.9776203474 1.0003910294
2461355.9777800697 1.0003040150
2461355.9779397920 1.0004238881
2461355.9780995143 0.9996230504
2461355.9782592366 1.0006203223
2461355.9784189588 0.9994838689
2461355.9785786811 0.9996119688
2461355.9787384029 0.9991893595
2461355.9788981252 0.9985282007
2461355.9790578475 1.0002803776
2461355.9792175698 1.0002739477
2461355.9793772921 0.9993955200
2461355.9795370144 1.0004648733
2461355.9796967367 0.9995950058
2461355.9798564585 0.9999215820
2461355.9800161808 0.9997539669
2461355.9801759031 1.0003638597
2461355.9803356254 1.0000652388
2461355.9804953476 0.9999480525
2461355.9806550699 0.9995374526
2461355.9808147922 0.9993803056
2461355.9809745140 1.0008804606
2461355.9811342368 1.0011915359
2461355.9812939586 0.9995856424
2461355.9814536809 1.0000825651
2461355.9816134032 0.9994602083
2461355.9817731255 1.0003363321
2461355.9819328478 0.9993058364
2461355.9820925696 0.9999716659
2461355.9822522923 0.9994092194
2461355.9824120142 0.9999655183
2461355.9825717364 0.9992944599
2461355.9827314587 0.9995165230
2461355.9828911810 0.9994782932
2461355.9830509033 1.0005776084
2461355.9832106251 0.9996488120
2461355.9833703479 1.0008211978
2461355.9835300697 1.0002541921
2461355.9836897920 0.9993493155
2461355.9838495143 0.9993592521
2461355.9840092366 1.0000689057
2461355.9841689589 0.9992913824
2461355.9843286811 0.9995501378
2461355.9844884034 1.0000335707
2461355.9846481252 0.9985962933
2461355.9848078475 0.9998994916
2461355.9849675698 0.9991434129
2461355.9851272921 0.9997725476
2461355.9852870144 0.9994939874
2461355.9854467367 0.9986244429
2461355.9856064590 0.9985866388
2461355.9857661808 0.9995628973
2461355.9859259031 0.9979408948
2461355.9860856254 1.0008494546
2461355.9862453477 1.0003079374
2461355.9864050699 1.0002290852
2461355.9865647922 1.0002052648
2461355.9867245145 0.9997806351
2461355.9868842363 1.0010106572
2461355.9870439586 0.9996152076
2461355.9872036809 1.0002333657
2461355.9873634032 0.9996011595
2461355.9875231255 1.0002194083
2461355.9876828478 0.9995701486
2461355.9878425701 0.9990978671
2461355.9880022919 0.9995052138
2461355.9881620142 0.9990559209
2461355.9883217365 0.9990069793
2461355.9884814587 1.0006449077
2461355.9886411810 0.9984361725
2461355.9888009033 1.0009164395
2461355.9889606256 0.9995703119
2461355.9891203474 0.9997146570
2461355.9892800697 0.9996278875
2461355.9894397920 0.9998374443
2461355.9895995143 0.9987416364
2461355.9897592366 0.9993109984
2461355.9899189589 0.9998248832
2461355.9900786811 0.9999259798
2461355.9902384030 0.9992803675
2461355.9903981253 1.0009641558
2461355.9905578475 0.9998401957
2461355.9907175698 1.0009373902
2461355.9908772921 0.9998855665
2461355.9910370144 1.0004155295
2461355.9911967367 0.9987366182
2461355.9913564585 1.0009074285
2461355.9915161808 0.9994413216
2461355.9916759031 0.9999135857
2461355.9918356254 1.0001783352
2461355.9919953477 0.9996116535
2461355.9921550700 0.9994790689
2461355.9923147922 1.0000669250
2461355.9924745141 0.9988542715
2461355.9926342363 1.0003649386
2461355.9927939586 1.0001499975
2461355.9929536809 0.9981319631
2461355.9931134032 1.0007053548
2461355.9932731255 0.9998317687
2461355.9934328478 1.0000552621
2461355.9935925696 0.9992680963
2461355.9937522919 1.0005548101
2461355.9939120142 1.0005827716
2461355.9940717365 0.9990492270
2461355.9942314588 0.9992488198
2461355.9943911810 1.0000437249
2461355.9945509033 1.0011626343
2461355.9947106251 1.0006765975
2461355.9948703479 0.9999793754
2461355.9950300697 1.0006957570
2461355.9951897920 0.9988782834
2461355.9953495143 0.9998814572
2461355.9955092366 1.0013998798
2461355.9956689589 0.9999787915
2461355.9958286807 0.9991490899
2461355.9959884034 0.9998618072
2461355.9961481253 1.0005958434
2461355.9963078476 0.9996595532
2461355.9964675698 0.9998901359
2461355.9966272921 1.0004751126
2461355.9967870144 1.0006784732
2461355.9969467362 1.0007261628
2461355.9971064590 1.0003003673
2461355.9972661808 0.9992126880
2461355.9974259031 0.9996651733
2461355.9975856254 1.0000662405
2461355.9977453477 0.9994333323
2461355.9979050700 0.9991583206
2461355.9980647922 1.0003789571
2461355.9982245145 1.0007630276
2461355.9983842364 0.9995463351
2461355.9985439586 1.0003499883
2461355.9987036809 0.9986426882
2461355.9988634032 1.0003996838
2461355.9990231255 1.0003074690
2461355.9991828478 1.0002821812
2461355.9993425701 1.0000717662
2461355.9995022919 1.0004677368
2461355.9996620142 0.9996872441
2461355.9998217365 0.9995738849
2461355.9999814588 1.0006131430
2461356.0001411811 1.0004197449
2461356.0003009033 1.0001103516
2461356.0004606256 0.9993796405
2461356.0006203474 1.0008910322
2461356.0007800697 0.9993464462
2461356.0009397920 1.0003845172
2461356.0010995143 1.0003889228
2461356.0012592366 0.9992266949
2461356.0014189589 0.9994909180
2461356.0015786812 0.9989555849
2461356.0017384030 0.9999127191
2461356.0018981253 0.9998091559
2461356.0020578476 1.0002745622
2461356.0022175699 0.9989084220
2461356.0023772921 1.0012696716
2461356.0025370144 0.9999550447
2461356.0026967367 1.0008231849
2461356.0028564585 1.0003986649
2461356.0030161808 1.0007493443
2461356.0031759031 0.9998679179
2461356.0033356254 1.0010162666
2461356.0034953477 1.0003779343
2461356.0036550700 1.0005075865
2461356.0038147923 0.9993128364
2461356.0039745141 0.9996445173
2461356.0041342364 0.9997192665
2461356.0042939587 1.0002104937
2461356.0044536809 1.0002606933
2461356.0046134032 0.9988504660
2461356.0047731255 0.9990929195
2461356.0049328478 1.0006690540
2461356.0050925696 0.9994262575
2461356.0052522919 0.9994195702
2461356.0054120142 1.0014656086
2461356.0055717365 0.9999176000
2461356.0057314588 1.0004408839
2461356.0058911811 1.0006933100
2461356.0060509034 0.9989524001
2461356.0062106252 0.9998795264
2461356.0063703475 0.9995530511
2461356.0065300697 0.9993366463
2461356.0066897920 1.0001693624
2461356.0068495143 1.0001837527
2461356.0070092366 1.0006459016
2461356.0071689589 1.0006357243
2461356.0073286807 0.9999850158
2461356.0074884030 1.0010569014
2461356.0076481253 0.9996916498
2461356.0078078476 1.0000477172
2461356.0079675699 0.9994136160
2461356.0081272922 0.9999832296
2461356.0082870144 0.9996049387
2461356.0084467363 1.0006557631
2461356.0086064590 0.9998300091
2461356.0087661808 1.0002285642
2461356.0089259031 0.9998842011
2461356.0090856254 0.9984317899
2461356.0092453477 1.0001457112
2461356.0094050700 1.0002787062
2461356.0095647918 0.9994697495
2461356.0097245146 0.9996746479
2461356.0098842364 0.9998252655
2461356.0100439587 0.9994270498
2461356.0102036810 0.9994297051
2461356.0103634032 0.9997401728
2461356.0105231255 0.9992911406
2461356.0106828474 0.9994037445
2461356.0108425701 0.9990891825
2461356.0110022919 1.0007380572
2461356.0111620142 0.9998150676
2461356.0113217365 1.0010336506
2461356.0114814588 0.9991777317
2461356.0116411811 0.9993487388
2461356.0118009034 1.0017921235
2461356.0119606256 0.9990968357
2461356.0121203475 1.0005381827
2461356.0122800698 0.9991199674
2461356.0124397920 0.9986747035
2461356.0125995143 1.0000299208
2461356.0127592366 1.0003497252
2461356.0129189589 0.9988267422
2461356.0130786812 1.0002058700
2461356.0132384030 1.0006749556
2461356.0133981253 1.0002208630
2461356.0135578476 0.9998253921
2461356.0137175699 1.0007996198
2461356.0138772922 1.0006518463
2461356.0140370145 1.0001371834
2461356.0141967367 1.0007224531
2461356.0143564586 1.0014116029
2461356.0145161808 1.0000376216
2461356.0146759031 0.9996445009
2461356.0148356254 0.9996500320
2461356.0149953477 0.9994805072
2461356.0151550700 0.9996802265
2461356.0153147923 0.9995932694
2461356.0154745141 0.9993545340
2461356.0156342364 1.0004118470
2461356.0157939587 0.9998099694
2461356.0159536810 1.0001296035
2461356.0161134033 1.0009493849
2461356.0162731255 0.9998802717
2461356.0164328478 0.9994224563
2461356.0165925696 1.0004210493
2461356.0167522919 0.9997734899
2461356.0169120142 1.0008500149
2461356.0170717365 1.0004707035
2461356.0172314588 0.9998021597
2461356.0173911811 0.9985709207
2461356.0175509034 1.0005159266
2461356.0177106252 1.0002299901
2461356.0178703475 0.9992462136
2461356.0180300698 1.0011819741
2461356.0181897921 1.0008125139
2461356.0183495143 1.0000613077
2461356.0185092366 1.0001877052
2461356.0186689589 0.9995147387
2461356.0188286807 0.9992955936
2461356.0189884030 0.9995935890
2461356.0191481253 1.0007203454
2461356.0193078476 0.9994426748
2461356.0194675699 1.0000680026
2461356.0196272922 1.0014166956
2461356.0197870145 1.0008166895
2461356.0199467363 0.9992174430
2461356.0201064586 1.0004701625
2461356.0202661809 0.9996501183
2461356.0204259031 1.0000117786
2461356.0205856254 1.0006664860
2461356.0207453477 1.0010552810
2461356.0209050700 1.0004799025
2461356.0210647918 0.9998573891
2461356.0212245141 1.0000182759
2461356.0213842364 1.0015453294
2461356.0215439587 0.9993052676
2461356.0217036810 0.9991307097
2461356.0218634033 0.9996855535
2461356.0220231256 1.0000811854
2461356.0221828474 1.0000891101
2461356.0223425701 0.9996792129
2461356.0225022919 1.0005291484
2461356.0226620142 0.9997475082
2461356.0228217365 0.9992030776
2461356.0229814588 1.0003666045
2461356.0231411811 0.9998121088
2461356.0233009029 0.9994582661
2461356.0234606257 1.0000000000
2461356.0236203475 0.9993195836
2461356.0237800698 1.0000583549
2461356.0239397921 0.9986484732
2461356.0240995144 1.0011519893
2461356.0242592366 0.9985405946
2461356.0244189585 0.9992215260
2461356.0245786812 1.0000186401
2461356.0247384030 0.9985513042
2461356.0248981253 0.9997199208
2461356.0250578476 0.9995768355
2461356.0252175699 0.9999145769
2461356.0253772922 0.9982160142
2461356.0255370140 0.9998204592
2461356.0256967368 0.9986715066
2461356.0258564586 1.0011645095
2461356.0260161809 0.9991912294
2461356.0261759032 1.0002127714
2461356.0263356254 0.9998415282
2461356.0264953477 1.0001706520
2461356.0266550700 1.0005134194
2461356.0268147923 1.0004683307
2461356.0269745141 0.9995448554
2461356.0271342364 1.0009918456
2461356.0272939587 0.9996550145
2461356.0274536810 0.9999365316
2461356.0276134033 0.9991043991
2461356.0277731256 0.9999267380
2461356.0279328479 0.9984457442
2461356.0280925697 1.0005806283
2461356.0282522920 1.0002891675
2461356.0284120142 0.9992883062
2461356.0285717365 0.9992845112
2461356.0287314588 1.0004416366
2461356.0288911811 0.9992447398
2461356.0290509034 0.9992033927
2461356.0292106252 1.0002552417
2461356.0293703475 0.9995175467
2461356.0295300698 1.0005667452
2461356.0296897921 1.0008456200
2461356.0298495144 0.9990349964
2461356.0300092367 0.9997520777
2461356.0301689589 0.9995546548
2461356.0303286808 0.9992753046
2461356.0304884030 0.9999637517
2461356.0306481253 1.0001058383
2461356.0308078476 0.9989087355
2461356.0309675699 1.0005391684
2461356.0311272922 0.9996269406
2461356.0312870145 0.9995395622
2461356.0314467363 1.0008864160
2461356.0316064586 0.9998289064
2461356.0317661809 0.9998757048
2461356.0319259032 0.9998607587
2461356.0320856255 0.9982678648
2461356.0322453477 0.9994800727
2461356.0324050700 0.9998016081
2461356.0325647919 1.0000382245
2461356.0327245141 1.0004325940
2461356.0328842364 0.9988787855
2461356.0330439587 1.0003794628
2461356.0332036810 1.0002477344
2461356.0333634033 0.9995243273
2461356.0335231256 0.9987721914
2461356.0336828474 1.0008651190
2461356.0338425697 1.0015894064
2461356.0340022920 0.9990322659
2461356.0341620143 1.0007907087
2461356.0343217365 1.0014923906
2461356.0344814588 1.0000629073
2461356.0346411811 1.0005914833
2461356.0348009029 1.0002414327
2461356.0349606252 1.0000422580
2461356.0351203475 1.0001096309
2461356.0352800698 0.9990624913
2461356.0354397921 1.0007987875
2461356.0355995144 1.0004203674
2461356.0357592367 1.0010630530
2461356.0359189585 0.9995003198
2461356.0360786812 1.0005920368
2461356.0362384031 0.9996844797
2461356.0363981253 1.0015220751
2461356.0365578476 1.0001928728
2461356.0367175699 0.9993997654
2461356.0368772922 1.0015022554
2461356.0370370140 1.0006720840
2461356.0371967368 1.0006300217
2461356.0373564586 0.9992406646
2461356.0375161809 1.0007526045
2461356.0376759032 1.0009138391
2461356.0378356255 1.0004953405
2461356.0379953478 1.0000648653
2461356.0381550696 1.0005462197
2461356.0383147923 1.0008265295
2461356.0384745141 1.0003076039
2461356.0386342364 0.9993946241
2461356.0387939587 0.9989792632
2461356.0389536810 0.9991660118
2461356.0391134033 0.9994833171
2461356.0392731251 1.0010102496
2461356.0394328479 1.0001738173
2461356.0395925697 0.9987135861
2461356.0397522920 1.0004676085
2461356.0399120143 0.9995269912
2461356.0400717366 0.9998393852
2461356.0402314588 1.0004906848
2461356.0403911811 1.0006092605
2461356.0405509034 1.0006180529
2461356.0407106252 0.9999060134
2461356.0408703475 1.0000211290
2461356.0410300698 0.9994183034
2461356.0411897921 1.0011659106
2461356.0413495144 0.9984290230
2461356.0415092367 0.9988592146
2461356.0416689590 0.9988777836
2461356.0418286808 1.0004243108
2461356.0419884031 1.0009119040
2461356.0421481254 1.0001296213
2461356.0423078476 0.9989405258
2461356.0424675699 0.9996092785
2461356.0426272922 0.9992643660
2461356.0427870145 0.9991584638
2461356.0429467363 0.9997701307
2461356.0431064586 1.0009901260
2461356.0432661809 0.9995382148
2461356.0434259032 1.0008645227
2461356.0435856255 1.0001256021
2461356.0437453478 1.0003784630
2461356.0439050701 0.9994335156
2461356.0440647919 1.0003860715
2461356.0442245142 0.9998686448
2461356.0443842364 1.0011916858
2461356.0445439587 0.9984908671
2461356.0447036810 1.0009694041
2461356.0448634033 0.9997759933
2461356.0450231256 0.9998461322
2461356.0451828474 1.0005843951
2461356.0453425697 0.9991762486
2461356.0455022920 0.9991624117
2461356.0456620143 1.0004684359
2461356.0458217366 1.0000955091
2461356.0459814589 0.9994519384
2461356.0461411811 0.9995905474
2461356.0463009030 0.9997171276
2461356.0464606252 1.0004809224
2461356.0466203475 0.9998481695
2461356.0467800698 0.9999932532
2461356.0469397921 1.0006227518
2461356.0470995144 0.9997860234
2461356.0472592367 1.0018060889
2461356.0474189585 1.0002029292
2461356.0475786808 1.0000507506
2461356.0477384031 0.9993277356
2461356.0478981254 0.9994356111
2461356.0480578477 1.0005380016
2461356.0482175699 1.0004637196
2461356.0483772922 0.9991257995
2461356.0485370141 1.0003058866
2461356.0486967363 1.0010251072
2461356.0488564586 0.9998490480
2461356.0490161809 1.0008502072
2461356.0491759032 0.9995220796
2461356.0493356255 1.0010461165
2461356.0494953478 1.0007140823
2461356.0496550696 1.0009833279
2461356.0498147923 0.9989039787
2461356.0499745142 1.0002241625
2461356.0501342365 1.0007393600
2461356.0502939587 0.9990669813
2461356.0504536810 0.9991116077
2461356.0506134033 0.9995208583
2461356.0507731251 0.9990755262
2461356.0509328479 0.9985612996
2461356.0510925697 0.9997543937
2461356.0512522920 1.0001810863
2461356.0514120143 1.0008799583
2461356.0515717366 1.0003815158
2461356.0517314589 0.9998537102
2461356.0518911807 0.9994661080
2461356.0520509034 0.9996669133
2461356.0522106253 1.0003089289
2461356.0523703475 1.0019425696
2461356.0525300698 0.9994893854
2461356.0526897921 1.0006872412
2461356.0528495144 1.0005878947
2461356.0530092362 0.9997533201
2461356.0531689590 1.0001363113
2461356.0533286808 1.0006005266
2461356.0534884031 0.9999021125
2461356.0536481254 1.0007777911
2461356.0538078477 0.9997048309
2461356.0539675700 0.9993285943
2461356.0541272922 0.9999632536
2461356.0542870145 0.9985818907
2461356.0544467364 0.9995455201
2461356.0546064586 1.0005879779
2461356.0547661809 1.0000529099
2461356.0549259032 0.9988330768
2461356.0550856255 1.0002001591
2461356.0552453478 1.0002458708
2461356.0554050701 1.0008121855
2461356.0555647919 1.0005830283
2461356.0557245142 1.0002487069
2461356.0558842365 1.0000021540
2461356.0560439588 0.9998051616
2461356.0562036810 0.9997977232
2461356.0563634033 0.9992259645
2461356.0565231256 1.0000234580
2461356.0566828474 1.0005483968
2461356.0568425697 0.9992657793
2461356.0570022920 1.0000749124
2461356.0571620143 0.9993753513
2461356.0573217366 1.0014054732
2461356.0574814589 0.9998714295
2461356.0576411812 1.0002364660
2461356.0578009030 1.0000634952
2461356.0579606253 1.0003623460
2461356.0581203476 1.0006228453
2461356.0582800698 0.9998102922
2461356.0584397921 0.9995957122
2461356.0585995144 0.9999740968
2461356.0587592367 0.9991826267
2461356.0589189585 1.0015511254
2461356.0590786808 1.0001963320
2461356.0592384031 0.9991722577
2461356.0593981254 0.9997519540
2461356.0595578477 1.0010677486
2461356.0597175700 1.0004967961
2461356.0598772923 1.0002749702
2461356.0600370141 1.0010193522
2461356.0601967364 1.0008962254
2461356.0603564586 0.9993086616
2461356.0605161809 1.0000756639
2461356.0606759032 0.9993835567
2461356.0608356255 0.9993352494
2461356.0609953478 0.9992331845
2461356.0611550696 0.9985093941
2461356.0613147919 0.9999985686
2461356.0614745142 1.0006197945
2461356.0616342365 0.9995082853
2461356.0617939588 0.9991536204
2461356.0619536811 0.9990569501
2461356.0621134033 1.0002305774
2461356.0622731252 0.9996767752
2461356.0624328475 1.0013675778
2461356.0625925697 0.9999821013
2461356.0627522920 1.0003019214
2461356.0629120143 1.0006730001
2461356.0630717366 1.0011547522
2461356.0632314589 1.0007171418
2461356.0633911807 1.0000442184
2461356.0635509035 1.0006478452
2461356.0637106253 1.0007563598
2461356.0638703476 0.9989218347
2461356.0640300699 1.0000038320
2461356.0641897921 0.9998634116
2461356.0643495144 0.9998679958
2461356.0645092363 1.0009485290
2461356.0646689590 0.9995449816
2461356.0648286808 1.0004326704
2461356.0649884031 0.9997575461
2461356.0651481254 1.0007508511
2461356.0653078477 1.0002851982
2461356.0654675700 1.0016833334
2461356.0656272918 0.9991736369
2461356.0657870146 1.0011337885
2461356.0659467364 1.0004838546
2461356.0661064587 0.9996722166
2461356.0662661809 1.0001041173
2461356.0664259032 1.0005253719
2461356.0665856255 1.0006777928
2461356.0667453473 0.9996125192
2461356.0669050701 0.9997946289
2461356.0670647919 0.9993766525
2461356.0672245142 1.0006147573
2461356.0673842365 0.9996176922
2461356.0675439588 0.9997092767
2461356.0677036811 1.0001162819
2461356.0678634034 0.9988690176
2461356.0680231256 1.0004600055
2461356.0681828475 0.9999014926
2461356.0683425697 1.0023993104
2461356.0685022920 1.0008039202
2461356.0686620143 1.0003118081
2461356.0688217366 1.0002429674
2461356.0689814589 1.0008110197
2461356.0691411812 0.9994975220
2461356.0693009030 1.0002037987
2461356.0694606253 1.0009726784
2461356.0696203476 0.9998791109
2461356.0697800699 1.0000529014
2461356.0699397922 1.0004116413
2461356.0700995144 0.9997932776
2461356.0702592367 1.0009341579
2461356.0704189586 1.0003828479
2461356.0705786808 1.0011616981
2461356.0707384031 0.9990332183
2461356.0708981254 1.0002584784
2461356.0710578477 0.9994214948
2461356.0712175700 0.9993018206
2461356.0713772923 1.0004854415
2461356.0715370141 1.0003245362
2461356.0716967364 0.9990917957
2461356.0718564587 1.0006761782
2461356.0720161810 1.0000112872
2461356.0721759032 0.9991931699
2461356.0723356255 0.9991083118
2461356.0724953478 0.9997578881
2461356.0726550696 0.9997706679
2461356.0728147919 1.0007908897
2461356.0729745142 1.0004437827
2461356.0731342365 0.9997968765
2461356.0732939588 1.0015677473
2461356.0734536811 1.0000145694
2461356.0736134034 1.0004858623
2461356.0737731252 0.9998779529
2461356.0739328475 0.9995859503
2461356.0740925698 0.9991423557
2461356.0742522920 0.9988467060
2461356.0744120143 1.0011230371
2461356.0745717366 0.9989014828
2461356.0747314589 0.9992373027
2461356.0748911807 0.9999493123
2461356.0750509030 0.9995140614
2461356.0752106253 0.9997106798
2461356.0753703476 0.9993263529
2461356.0755300699 1.0001261689
2461356.0756897922 1.0007632296
2461356.0758495145 0.9998813070
2461356.0760092363 1.0003017436
2461356.0761689586 0.9999753711
2461356.0763286809 1.0002603374
2461356.0764884031 0.9995020850
2461356.0766481254 1.0002987987
2461356.0768078477 1.0003326447
2461356.0769675700 0.9998137281
2461356.0771272918 0.9996592736
2461356.0772870146 1.0002423053
2461356.0774467364 1.0007564697
2461356.0776064587 1.0000228589
2461356.0777661810 0.9993517292
2461356.0779259033 0.9987533312
2461356.0780856255 1.0007761678
2461356.0782453474 0.9986419909
2461356.0784050701 1.0004125289
2461356.0785647919 0.9999480956
2461356.0787245142 0.9997070291
2461356.0788842365 1.0010592267
2461356.0790439588 0.9982787682
2461356.0792036811 1.0011850344
2461356.0793634029 0.9992107842
2461356.0795231257 1.0003993591
2461356.0796828475 0.9999772698
2461356.0798425698 0.9994003778
2461356.0800022921 0.9994152265
2461356.0801620143 0.9993287833
2461356.0803217366 0.9996585877
2461356.0804814585 1.0001849921
2461356.0806411812 1.0000486805
2461356.0808009030 1.0011253571
2461356.0809606253 1.0012480954
2461356.0811203476 0.9987152535
2461356.0812800699 0.9988675053
2461356.0814397922 1.0000793041
2461356.0815995145 0.9993667662
2461356.0817592368 0.9989549448
2461356.0819189586 1.0003705342
2461356.0820786809 1.0009739728
2461356.0822384031 1.0005984745
2461356.0823981254 1.0003458556
2461356.0825578477 1.0003778616
2461356.0827175700 1.0000913988
2461356.0828772923 0.9997485361
2461356.0830370141 1.0010644997
2461356.0831967364 1.0004458296
2461356.0833564587 0.9998267094
2461356.0835161810 1.0004878591
2461356.0836759033 0.9982236553
2461356.0838356256 0.9999978777
2461356.0839953478 0.9992953648
2461356.0841550697 0.9999099767
2461356.0843147920 0.9988776377
2461356.0844745142 1.0009250559
2461356.0846342365 0.9997521538
2461356.0847939588 0.9990218228
2461356.0849536811 0.9997142552
2461356.0851134034 0.9997665543
2461356.0852731252 0.9995840617
2461356.0854328475 0.9997355814
2461356.0855925698 0.9990704039
2461356.0857522921 1.0007306993
2461356.0859120144 0.9995850447
2461356.0860717366 1.0002494581
2461356.0862314589 0.9995538819
2461356.0863911808 1.0002265900
2461356.0865509030 1.0003282010
2461356.0867106253 0.9996962272
2461356.0868703476 1.0006156214
2461356.0870300699 0.9996810094
2461356.0871897922 0.9998928177
2461356.0873495145 1.0001735499
2461356.0875092363 1.0008890260
2461356.0876689586 0.9994264307
2461356.0878286809 1.0005808547
2461356.0879884032 1.0000500468
2461356.0881481254 0.9995817199
2461356.0883078477 0.9998855454
2461356.0884675700 1.0003554178
2461356.0886272918 1.0006320625
2461356.0887870141 0.9993831119
2461356.0889467364 1.0004630734
2461356.0891064587 1.0006257615
2461356.0892661810 0.9996650269
2461356.0894259033 1.0001703094
2461356.0895856256 1.0003898062
2461356.0897453474 0.9997349292
2461356.0899050697 0.9990845464
2461356.0900647920 1.0007912938
2461356.0902245142 0.9997148367
2461356.0903842365 0.9981829553
2461356.0905439588 0.9996898686
2461356.0907036811 1.0008630472
2461356.0908634029 0.9995302052
2461356.0910231257 0.9997094638
2461356.0911828475 1.0011415154
2461356.0913425698 0.9990507470
2461356.0915022921 0.9986913662
2461356.0916620144 0.9998415441
2461356.0918217367 0.9997895115
2461356.0919814585 0.9999661131
2461356.0921411812 1.0022899633
2461356.0923009031 0.9998512236
2461356.0924606253 0.9994311370
2461356.0926203476 0.9990318284
2461356.0927800699 0.9996675573
2461356.0929397922 0.9992431501
2461356.0930995140 0.9999484264
2461356.0932592368 1.0011072717
2461356.0934189586 1.0016546862
2461356.0935786809 1.0015340122
2461356.0937384032 1.0005925953
2461356.0938981255 0.9998107759
2461356.0940578477 1.0001337848
2461356.0942175696 0.9999384744
2461356.0943772923 0.9981155912
2461356.0945370141 0.9994107633
2461356.0946967364 0.9995793347
2461356.0948564587 0.9996562982
2461356.0950161810 0.9994733646
2461356.0951759033 0.9996351476
2461356.0953356256 0.9992540498
2461356.0954953479 0.9996782246
2461356.0956550697 0.9996271894
2461356.0958147920 1.0004154626
2461356.0959745143 1.0003515288
2461356.0961342365 1.0006610296
2461356.0962939588 0.9995368924
2461356.0964536811 1.0013035320
2461356.0966134034 0.9997197857
2461356.0967731252 1.0003689942
2461356.0969328475 1.0003175436
2461356.0970925698 1.0006207338
2461356.0972522921 0.9998164356
2461356.0974120144 0.9999411193
2461356.0975717367 0.9999136088
2461356.0977314590 1.0009526252
2461356.0978911808 0.9991070843
2461356.0980509031 0.9990968336
2461356.0982106254 1.0008887151
2461356.0983703476 1.0005223121
2461356.0985300699 1.0007481130
2461356.0986897922 0.9995080700
2461356.0988495145 1.0010486969
2461356.0990092363 0.9991575820
2461356.0991689586 0.9998048983
2461356.0993286809 0.9994106443
2461356.0994884032 1.0002606492
2461356.0996481255 0.9999770722
2461356.0998078478 1.0004088695
2461356.0999675700 1.0014304940
2461356.1001272919 1.0006026878
2461356.1002870142 0.9996784192
2461356.1004467364 1.0006713106
2461356.1006064587 1.0006601269
2461356.1007661810 0.9993735459
2461356.1009259033 1.0005328896
2461356.1010856256 0.9993044797
2461356.1012453474 0.9995352305
2461356.1014050697 0.9995402467
2461356.1015647920 1.0003700500
2461356.1017245143 0.9992330805
2461356.1018842366 0.9995868401
2461356.1020439588 1.0009067883
2461356.1022036811 0.9998464255
2461356.1023634030 0.9999726079
2461356.1025231252 1.0001436398
2461356.1026828475 1.0006918250
2461356.1028425698 0.9991548005
2461356.1030022921 0.9993790219
2461356.1031620144 1.0008368428
2461356.1033217367 1.0000978914
2461356.1034814585 0.9997458366
2461356.1036411808 1.0002382930
2461356.1038009031 0.9994317886
2461356.1039606254 1.0006985423
2461356.1041203476 1.0000739538
2461356.1042800699 0.9996545623
2461356.1044397922 1.0006452256
2461356.1045995140 1.0005483777
2461356.1047592363 0.9991314098
2461356.1049189586 1.0004394442
2461356.1050786809 0.9998785481
2461356.1052384032 0.9977000568
2461356.1053981255 1.0002509210
2461356.1055578478 0.9994468239
2461356.1057175696 1.0013831640
2461356.1058772923 0.9991753011
2461356.1060370142 0.9994470517
2461356.1061967365 0.9998570220
2461356.1063564587 1.0012360210
2461356.1065161810 0.9998547593
2461356.1066759033 1.0002322835
2461356.1068356251 0.9990984932
2461356.1069953479 0.9992848341
2461356.1071550697 1.0004764124
2461356.1073147920 0.9990122397
2461356.1074745143 1.0018366531
2461356.1076342366 1.0003632678
2461356.1077939589 0.9996223987
2461356.1079536807 1.0000689701
2461356.1081134034 1.0010813833
2461356.1082731253 0.9992266235
2461356.1084328475 0.9993327704
2461356.1085925698 1.0009863259
2461356.1087522921 1.0004095228
2461356.1089120144 0.9994525620
2461356.1090717367 1.0005601007
2461356.1092314590 1.0001266295
2461356.1093911808 1.0002056665
2461356.1095509031 1.0003819327
2461356.1097106254 1.0005453789
2461356.1098703477 0.9996765522
2461356.1100300699 1.0000323050
2461356.1101897922 1.0003748486
2461356.1103495145 1.0005265536
2461356.1105092363 0.9999511278
2461356.1106689586 0.9991749861
2461356.1108286809 1.0000921314
2461356.1109884032 0.9991762808
2461356.1111481255 1.0000294927
2461356.1113078478 0.9987105574
2461356.1114675701 0.9996619993
2461356.1116272919 1.0007983387
2461356.1117870142 0.9996951405
2461356.1119467365 1.0002683531
2461356.1121064587 0.9995827003
2461356.1122661810 0.9994290172
2461356.1124259033 1.0008068819
2461356.1125856256 1.0008945795
2461356.1127453474 0.9998381052
2461356.1129050697 1.0000977548
2461356.1130647920 0.9996696953
2461356.1132245143 1.0001586173
2461356.1133842366 1.0006402272
2461356.1135439589 0.9990242846
2461356.1137036812 1.0007749668
2461356.1138634030 0.9995227112
2461356.1140231253 0.9987852570
2461356.1141828476 0.9996710396
2461356.1143425698 1.0007191117
2461356.1145022921 0.9991865190
2461356.1146620144 0.9995278708
2461356.1148217367 0.9999721680
2461356.1149814585 1.0000496171
2461356.1151411808 0.9998562524
2461356.1153009031 1.0001764797
2461356.1154606254 1.0008103922
2461356.1156203477 1.0010111764
2461356.1157800700 0.9998152518
2461356.1159397922 0.9996885769
2461356.1160995141 0.9997154217
2461356.1162592364 0.9993652082
2461356.1164189586 1.0000971565
2461356.1165786809 0.9997728046
2461356.1167384032 1.0002664364
2461356.1168981255 1.0002897568
2461356.1170578478 1.0003176812
2461356.1172175696 1.0008118216
2461356.1173772919 1.0009924674
2461356.1175370142 1.0008261627
2461356.1176967365 1.0008317616
2461356.1178564588 1.0003624471
2461356.1180161810 1.0001045742
2461356.1181759033 1.0006418154
2461356.1183356252 0.9998637774
2461356.1184953474 0.9997034597
2461356.1186550697 1.0009861509
2461356.1188147920 1.0003309128
2461356.1189745143 0.9998217730
2461356.1191342366 1.0010664015
2461356.1192939589 1.0005623902
2461356.1194536807 0.9996961498
2461356.1196134035 0.9997748414
2461356.1197731253 1.0002262437
2461356.1199328476 0.9997076922
2461356.1200925699 0.9997619261
2461356.1202522921 1.0008603241
2461356.1204120144 1.0002675276
2461356.1205717362 0.9997351491
2461356.1207314590 1.0009197250
2461356.1208911808 0.9989886074
2461356.1210509031 0.9999686577
2461356.1212106254 1.0004284321
2461356.1213703477 1.0001020486
2461356.1215300700 0.9993746582
2461356.1216897918 1.0007286065
2461356.1218495145 1.0011609651
2461356.1220092364 1.0000889417
2461356.1221689587 0.9990427296
2461356.1223286809 1.0005952494
2461356.1224884032 1.0004322978
2461356.1226481255 0.9999734822
2461356.1228078478 1.0009450190
2461356.1229675701 0.9995393929
2461356.1231272919 0.9993178833
2461356.1232870142 0.9999049422
2461356.1234467365 1.0000972599
2461356.1236064588 0.9986701158
2461356.1237661811 1.0008498661
2461356.1239259033 1.0003224925
2461356.1240856256 1.0000327433
2461356.1242453475 0.9994772739
2461356.1244050697 1.0000398762
2461356.1245647920 0.9996572534
2461356.1247245143 1.0010312491
2461356.1248842366 1.0007113607
2461356.1250439589 0.9993637250
2461356.1252036812 1.0003410277
2461356.1253634030 0.9999555268
2461356.1255231253 0.9993055634
2461356.1256828476 1.0004978616
2461356.1258425699 1.0002328443
2461356.1260022921 1.0002068253
2461356.1261620144 0.9996420428
2461356.1263217367 0.9999876764
2461356.1264814585 0.9999813128
2461356.1266411808 0.9997662540
2461356.1268009031 0.9999293064
2461356.1269606254 1.0003847380
2461356.1271203477 1.0001842682
2461356.1272800700 0.9997855646
2461356.1274397923 0.9995656593
2461356.1275995141 1.0001051863
2461356.1277592364 1.0011258005
2461356.1279189587 1.0005019341
2461356.1280786810 1.0000299714
2461356.1282384032 0.9992854734
2461356.1283981255 0.9997446194
2461356.1285578478 1.0006169770
2461356.1287175696 0.9981650927
2461356.1288772919 0.9995266567
2461356.1290370142 0.9998994569
2461356.1291967365 1.0000839956
2461356.1293564588 0.9992846768
2461356.1295161811 1.0004765118
2461356.1296759034 1.0000722194
2461356.1298356252 0.9985531994
2461356.1299953475 0.9995324015
2461356.1301550698 1.0001260610
2461356.1303147920 0.9985652269
2461356.1304745143 1.0000902762
2461356.1306342366 1.0001560907
2461356.1307939589 1.0010466043
2461356.1309536807 1.0000271832
2461356.1311134030 1.0009364004
2461356.1312731253 0.9998994023
2461356.1314328476 0.9989370080
2461356.1315925699 1.0005011585
2461356.1317522922 0.9996368952
2461356.1319120144 1.0004880325
2461356.1320717363 0.9998497348
2461356.1322314586 0.9994527579
2461356.1323911808 1.0004800123
2461356.1325509031 0.9998364039
2461356.1327106254 1.0006429256
2461356.1328703477 0.9985740199
2461356.1330300700 0.9997578810
2461356.1331897918 0.9999909328
2461356.1333495146 0.9993547679
2461356.1335092364 1.0004887463
2461356.1336689587 0.9996496374
2461356.1338286810 1.0007160028
2461356.1339884032 1.0004021844
2461356.1341481255 0.9998118755
2461356.1343078474 0.9997723940
2461356.1344675701 0.9998463552
2461356.1346272919 1.0002648573
2461356.1347870142 1.0009794612
2461356.1349467365 1.0006231381
2461356.1351064588 0.9992619386
2461356.1352661811 0.9998633300
2461356.1354259029 0.9997376119
2461356.1355856257 0.9985423605
2461356.1357453475 1.0001816168
2461356.1359050698 1.0007839123
2461356.1360647921 1.0002763169
2461356.1362245143 0.9994953879
2461356.1363842366 1.0008110226
2461356.1365439589 0.9994774485
2461356.1367036812 0.9997613294
2461356.1368634030 0.9995658066
2461356.1370231253 1.0023449422
2461356.1371828476 0.9999162132
2461356.1373425699 1.0000321009
2461356.1375022922 0.9999216152
2461356.1376620145 0.9988221506
2461356.1378217367 1.0004473530
2461356.1379814586 1.0003766812
2461356.1381411809 1.0010875019
2461356.1383009031 1.0000928958
2461356.1384606254 1.0002178528
2461356.1386203477 1.0001903215
2461356.1387800700 0.9988653898
2461356.1389397923 1.0022197759
2461356.1390995141 1.0008246338
2461356.1392592364 0.9992725136
2461356.1394189587 0.9997938771
2461356.1395786810 0.9978984567
2461356.1397384033 0.9996648160
2461356.1398981255 0.9999892522
2461356.1400578478 1.0013881188
2461356.1402175697 1.0000204335
2461356.1403772919 1.0008842360
2461356.1405370142 1.0004667893
2461356.1406967365 1.0000933791
2461356.1408564588 0.9998912708
2461356.1410161811 0.9990548628
2461356.1411759034 1.0006005169
2461356.1413356252 1.0009557564
2461356.1414953475 0.9992248402
2461356.1416550698 1.0007278906
2461356.1418147921 0.9992529648
2461356.1419745144 0.9994220500
2461356.1421342366 0.9992931524
2461356.1422939589 1.0009124310
2461356.1424536807 1.0007284055
2461356.1426134030 1.0011433744
2461356.1427731253 0.9999888605
2461356.1429328476 0.9984925744
2461356.1430925699 1.0004103179
2461356.1432522922 0.9999576345
2461356.1434120145 1.0006169474
2461356.1435717363 1.0003935082
2461356.1437314586 1.0002579022
2461356.1438911809 0.9995047945
2461356.1440509032 0.9998051182
2461356.1442106254 1.0010794668
2461356.1443703477 0.9994095027
2461356.1445300700 0.9997144113
2461356.1446897918 0.9985261741
2461356.1448495141 1.0011250440
2461356.1450092364 0.9988295862
2461356.1451689587 1.0000484542
2461356.1453286810 1.0013204759
2461356.1454884033 0.9998447144
2461356.1456481256 1.0004866495
2461356.1458078474 1.0000658887
2461356.1459675697 0.9999894149
2461356.1461272920 0.9996160758
2461356.1462870142 1.0011295185
2461356.1464467365 0.9988976706
2461356.1466064588 1.0011194772
2461356.1467661811 0.9991000385
2461356.1469259029 1.0001770984
2461356.1470856257 0.9992741889
2461356.1472453475 0.9999596605
2461356.1474050698 0.9986908673
2461356.1475647921 1.0001372358
2461356.1477245144 1.0009213702
2461356.1478842366 0.9995720794
2461356.1480439585 0.9992083772
2461356.1482036812 1.0004285612
2461356.1483634030 1.0000434949
2461356.1485231253 1.0009232682
2461356.1486828476 1.0003565847
2461356.1488425699 0.9999157634
2461356.1490022922 0.9973133213
2461356.1491620140 1.0011577753
2461356.1493217368 0.9998504587
2461356.1494814586 0.9997650111
2461356.1496411809 1.0001541640
2461356.1498009032 1.0005344561
2461356.1499606255 1.0005747643
2461356.1501203477 0.9990861535
2461356.1502800700 0.9984968072
2461356.1504397923 1.0005060482
2461356.1505995141 1.0004987339
2461356.1507592364 1.0004902893
2461356.1509189587 0.9992734438
2461356.1510786810 0.9997216538
2461356.1512384033 0.9992850984
2461356.1513981256 0.9986839423
2461356.1515578479 0.9997978544
2461356.1517175697 1.0015800399
2461356.1518772920 0.9995228411
2461356.1520370143 0.9993023379
2461356.1521967365 1.0005972623
2461356.1523564588 0.9998460222
2461356.1525161811 0.9993406253
2461356.1526759034 0.9998032183
2461356.1528356252 0.9995146277
2461356.1529953475 1.0006690870
2461356.1531550698 1.0002238940
2461356.1533147921 1.0009533755
2461356.1534745144 0.9994128985
2461356.1536342367 1.0005101922
2461356.1537939589 0.9998219233
2461356.1539536808 0.9998432478
2461356.1541134031 0.9999880026
2461356.1542731253 0.9994905487
2461356.1544328476 0.9998593087
2461356.1545925699 1.0001919647
2461356.1547522922 0.9999442931
2461356.1549120145 1.0008257647
2461356.1550717363 0.9991561312
2461356.1552314586 1.0009498591
2461356.1553911809 1.0001207555
2461356.1555509032 0.9997333971
2461356.1557106255 0.9995172204
2461356.1558703477 1.0013452024
2461356.1560300700 0.9999675765
2461356.1561897919 1.0008614411
2461356.1563495141 0.9995799584
2461356.1565092364 0.9992851741
2461356.1566689587 1.0014361796
2461356.1568286810 0.9994303677
2461356.1569884033 1.0005264908
2461356.1571481256 0.9994430636
2461356.1573078474 1.0009261433
2461356.1574675697 0.9997833413
2461356.1576272920 0.9988692676
2461356.1577870143 1.0003413500
2461356.1579467366 0.9994116727
2461356.1581064588 0.9993104233
2461356.1582661811 0.9991414307
2461356.1584259029 1.0000981087
2461356.1585856252 1.0014864520
2461356.1587453475 1.0005643545
2461356.1589050698 1.0003400502
2461356.1590647921 0.9983054380
2461356.1592245144 1.0004371189
2461356.1593842367 1.0001245842
2461356.1595439585 1.0004893393
2461356.1597036808 0.9992772414
2461356.1598634031 1.0004103026
2461356.1600231254 0.9991165546
2461356.1601828476 0.9986440267
2461356.1603425699 1.0002603171
2461356.1605022922 1.0007721459
2461356.1606620140 0.9997735740
2461356.1608217368 1.0010640168
2461356.1609814586 1.0001195744
2461356.1611411809 0.9993317720
2461356.1613009032 0.9998582838
2461356.1614606255 0.9998031378
2461356.1616203478 1.0008932340
2461356.1617800696 0.9991396182
2461356.1619397923 1.0010882150
2461356.1620995142 1.0003069919
2461356.1622592364 1.0013698690
2461356.1624189587 0.9996952842
2461356.1625786810 0.9995667125
2461356.1627384033 0.9996993041
2461356.1628981251 0.9997768751
2461356.1630578479 1.0004386324
2461356.1632175697 1.0000708829
2461356.1633772920 0.9999952544
2461356.1635370143 1.0007358883
2461356.1636967366 1.0002976618
2461356.1638564589 1.0013887856
2461356.1640161811 0.9990852264
2461356.1641759034 1.0004329575
2461356.1643356252 0.9992019038
2461356.1644953475 0.9979769129
2461356.1646550698 0.9998468821
2461356.1648147921 0.9998123418
2461356.1649745144 0.9993983088
2461356.1651342367 1.0005225184
2461356.1652939590 1.0003141715
2461356.1654536808 0.9993550498
2461356.1656134031 1.0005278318
2461356.1657731254 1.0013188559
2461356.1659328477 0.9995544442
2461356.1660925699 0.9995869573
2461356.1662522922 1.0000886004
2461356.1664120145 1.0008976758
2461356.1665717363 1.0008956357
2461356.1667314586 0.9998377704
2461356.1668911809 0.9997364798
2461356.1670509032 1.0002299548
2461356.1672106255 0.9991620180
2461356.1673703478 1.0005175082
2461356.1675300701 0.9994597972
2461356.1676897919 0.9997868977
2461356.1678495142 1.0008959128
2461356.1680092365 1.0007879726
2461356.1681689587 1.0008146044
2461356.1683286810 0.9991782504
2461356.1684884033 0.9994166197
2461356.1686481256 0.9996162497
2461356.1688078474 1.0015508149
2461356.1689675697 0.9995461130
2461356.1691272920 1.0010321754
2461356.1692870143 0.9992176047
2461356.1694467366 1.0009248852
2461356.1696064589 1.0002225302
2461356.1697661811 1.0013406786
2461356.1699259030 0.9999653163
2461356.1700856253 1.0009720106
2461356.1702453475 1.0012160722
2461356.1704050698 0.9999803501
2461356.1705647921 1.0003938779
2461356.1707245144 1.0007929569
2461356.1708842367 1.0006388774
2461356.1710439585 1.0008847181
2461356.1712036808 0.9987418818
2461356.1713634031 1.0003561873
2461356.1715231254 1.0003177212
2461356.1716828477 1.0014943653
2461356.1718425700 0.9993228797
2461356.1720022922 1.0002025677
2461356.1721620141 0.9997212038
2461356.1723217363 1.0008122354
2461356.1724814586 1.0001298772
2461356.1726411809 0.9992954811
2461356.1728009032 0.9986283433
2461356.1729606255 1.0001315829
2461356.1731203478 1.0008860038
2461356.1732800696 0.9986815307
2461356.1734397919 1.0003971463
2461356.1735995142 0.9999578888
2461356.1737592365 1.0007383415
2461356.1739189588 1.0001705466
2461356.1740786810 1.0008609530
2461356.1742384033 0.9998336244
2461356.1743981251 0.9996074457
2461356.1745578479 1.0001519560
2461356.1747175697 1.0002213255
2461356.1748772920 1.0002216034
2461356.1750370143 0.9995959560
2461356.1751967366 0.9998133660
2461356.1753564589 1.0022069999
2461356.1755161807 0.9995739124
2461356.1756759034 0.9996006505
2461356.1758356253 1.0000001087
2461356.1759953476 0.9996996045
2461356.1761550698 0.9999881291
2461356.1763147921 0.9998252268
2461356.1764745144 1.0006037307
2461356.1766342362 0.9999738792
2461356.1767939590 0.9986038555
2461356.1769536808 1.0019894189
2461356.1771134031 1.0002640746
2461356.1772731254 1.0006290778
2461356.1774328477 1.0005041090
2461356.1775925700 1.0006602771
2461356.1777522922 1.0003033724
2461356.1779120145 0.9995971116
2461356.1780717364 1.0009504668
2461356.1782314586 0.9985964769
2461356.1783911809 1.0001457666
2461356.1785509032 1.0004459826
2461356.1787106255 1.0002300286
2461356.1788703478 1.0007117550
2461356.1790300701 0.9997546097
2461356.1791897919 1.0004814328
2461356.1793495142 0.9990733758
2461356.1795092365 0.9996038418
2461356.1796689588 0.9993469205
2461356.1798286811 0.9985056908
2461356.1799884033 1.0026543575
2461356.1801481256 1.0008735054
2461356.1803078474 1.0012567274
2461356.1804675697 1.0005999355
2461356.1806272920 1.0002980064
2461356.1807870143 1.0009663955
2461356.1809467366 1.0000953084
2461356.1811064589 0.9993147840
2461356.1812661812 0.9987102223
2461356.1814259030 1.0000975579
2461356.1815856253 0.9995007783
2461356.1817453476 1.0003268136
2461356.1819050699 1.0005102514
2461356.1820647921 0.9998945131
2461356.1822245144 1.0005226183
2461356.1823842367 0.9995285732
2461356.1825439585 1.0011195896
2461356.1827036808 0.9994415170
2461356.1828634031 0.9990015804
2461356.1830231254 0.9980555633
2461356.1831828477 1.0011292597
2461356.1833425700 1.0000545794
2461356.1835022923 0.9994543927
2461356.1836620141 1.0006326736
2461356.1838217364 0.9986955750
2461356.1839814587 1.0004601739
2461356.1841411809 1.0003508284
2461356.1843009032 0.9998363142
2461356.1844606255 0.9998605375
2461356.1846203478 1.0006458137
2461356.1847800696 1.0003614254
2461356.1849397919 1.0006612042
2461356.1850995142 1.0002354077
2461356.1852592365 0.9996639875
2461356.1854189588 1.0000242937
2461356.1855786811 1.0003604378
2461356.1857384034 1.0005952506
2461356.1858981252 1.0009184976
2461356.1860578475 1.0001033387
2461356.1862175697 0.9988938802
2461356.1863772920 0.9985416384
2461356.1865370143 0.9997764593
2461356.1866967366 1.0004574566
2461356.1868564589 1.0003704474
2461356.1870161807 1.0015810773
2461356.1871759030 0.9997410767
2461356.1873356253 1.0008729811
2461356.1874953476 1.0009895913
2461356.1876550699 0.9995267440
2461356.1878147922 0.9988152600
2461356.1879745144 1.0011171654
2461356.1881342363 0.9998502489
2461356.1882939590 0.9992791912
2461356.1884536808 1.0012178457
2461356.1886134031 1.0002250655
2461356.1887731254 0.9995583492
2461356.1889328477 0.9993497702
2461356.1890925700 1.0005173353
2461356.1892522918 0.9993147495
2461356.1894120146 0.9985960897
2461356.1895717364 1.0002526285
2461356.1897314587 0.9992384694
2461356.1898911810 0.9999578365
2461356.1900509032 1.0005719853
2461356.1902106255 0.9996817339
2461356.1903703474 1.0004870995
2461356.1905300701 1.0010308930
2461356.1906897919 0.9995128458
2461356.1908495142 1.0005869474
2461356.1910092365 0.9994345715
2461356.1911689588 0.9991207859
2461356.1913286811 1.0005232001
2461356.1914884034 1.0003708962
2461356.1916481256 0.9999049397
2461356.1918078475 1.0010574187
2461356.1919675698 1.0000294957
2461356.1921272920 1.0015780674
2461356.1922870143 0.9998005403
2461356.1924467366 0.9992206278
2461356.1926064589 0.9998932948
2461356.1927661812 1.0003370101
2461356.1929259030 0.9999110674
2461356.1930856253 0.9997806623
2461356.1932453476 1.0011225439
2461356.1934050699 1.0000010798
2461356.1935647922 0.9996033576
2461356.1937245145 1.0002200838
2461356.1938842367 0.9998718488
2461356.1940439586 1.0001683666
2461356.1942036808 1.0000928634
2461356.1943634031 0.9994814072
2461356.1945231254 1.0003055168
2461356.1946828477 0.9998391928
2461356.1948425700 0.9995179327
2461356.1950022923 1.0013179919
2461356.1951620141 1.0001128068
2461356.1953217364 0.9991883418
2461356.1954814587 1.0006369422
2461356.1956411810 1.0001407399
2461356.1958009033 0.9992701329
2461356.1959606255 1.0016059826
2461356.1961203478 0.9998728174
2461356.1962800696 0.9997839670
