2461726.9729918982 1.0009239975
2461726.9731516205 1.0009860739
2461726.9733113428 1.0011975405
2461726.9734710651 1.0011368246
2461726.9736307869 1.0025303386
2461726.9737905092 1.0012235743
2461726.9739502314 1.0034442253
2461726.9741099537 1.0019753302
2461726.9742696760 1.0023949783
2461726.9744293983 1.0029488577
2461726.9745891206 1.0021714591
2461726.9747488424 1.0017028458
2461726.9749085647 1.0004476323
2461726.9750682870 1.0023732556
2461726.9752280093 1.0018129419
2461726.9753877316 1.0010147114
2461726.9755474539 1.0020356726
2461726.9757071761 1.0006605505
2461726.9758668980 1.0019660565
2461726.9760266203 1.0023020107
2461726.9761863425 1.0012740031
2461726.9763460648 1.0006368879
2461726.9765057871 1.0010307959
2461726.9766655094 1.0016403248
2461726.9768252317 1.0022416351
2461726.9769849535 1.0031466944
2461726.9771446758 1.0008742428
2461726.9773043981 1.0013951721
2461726.9774641204 1.0024006342
2461726.9776238427 1.0026456195
2461726.9777835649 1.0017273385
2461726.9779432872 1.0010520331
2461726.9781030091 1.0007663248
2461726.9782627313 0.9999612797
2461726.9784224536 1.0018674548
2461726.9785821759 0.9996501578
2461726.9787418982 0.9991446436
2461726.9789016205 1.0002218764
2461726.9790613428 1.0005130042
2461726.9792210646 1.0016535523
2461726.9793807869 1.0006505161
2461726.9795405092 1.0013492607
2461726.9797002315 1.0013949989
2461726.9798599537 1.0004814888
2461726.9800196760 1.0004862339
2461726.9801793983 1.0015144711
2461726.9803391201 1.0018432277
2461726.9804988424 1.0008594305
2461726.9806585647 1.0017960310
2461726.9808182870 1.0006504704
2461726.9809780093 1.0008782298
2461726.9811377316 1.0008946601
2461726.9812974539 1.0006123778
2461726.9814571757 1.0001295383
2461726.9816168980 1.0005369174
2461726.9817766203 1.0006976764
2461726.9819363425 1.0010311087
2461726.9820960648 1.0020059802
2461726.9822557871 1.0004575302
2461726.9824155094 1.0003365528
2461726.9825752312 1.0015512472
2461726.9827349535 1.0005340706
2461726.9828946758 1.0022430142
2461726.9830543981 0.9996649675
2461726.9832141204 1.0006432540
2461726.9833738427 1.0008184758
2461726.9835335650 1.0000446539
2461726.9836932868 1.0000569313
2461726.9838530095 1.0013599940
2461726.9840127314 1.0004765007
2461726.9841724536 0.9995335608
2461726.9843321759 1.0016617906
2461726.9844918982 1.0001400003
2461726.9846516205 1.0012475401
2461726.9848113423 1.0001786675
2461726.9849710651 1.0014792244
2461726.9851307869 0.9994320598
2461726.9852905092 1.0002962268
2461726.9854502315 0.9997144382
2461726.9856099538 1.0000461024
2461726.9857696760 0.9994358014
2461726.9859293979 1.0009715435
2461726.9860891206 0.9999276650
2461726.9862488424 1.0006273128
2461726.9864085647 0.9997652346
2461726.9865682870 1.0003656087
2461726.9867280093 1.0010931600
2461726.9868877316 1.0004085020
2461726.9870474534 0.9999997530
2461726.9872071762 1.0006221727
2461726.9873668980 1.0009647800
2461726.9875266203 0.9999041992
2461726.9876863426 1.0008622293
2461726.9878460648 1.0005116165
2461726.9880057871 1.0019527078
2461726.9881655094 0.9999792120
2461726.9883252317 0.9988229088
2461726.9884849535 1.0005851257
2461726.9886446758 1.0011065220
2461726.9888043981 1.0008952363
2461726.9889641204 0.9998423224
2461726.9891238427 1.0001976994
2461726.9892835650 1.0010715733
2461726.9894432873 0.9995840910
2461726.9896030091 1.0005854788
2461726.9897627314 1.0007508579
2461726.9899224536 1.0010818483
2461726.9900821759 1.0000332698
2461726.9902418982 0.9997604522
2461726.9904016205 1.0004424291
2461726.9905613428 1.0003629442
2461726.9907210646 0.9998559577
2461726.9908807869 0.9999680367
2461726.9910405092 1.0007270368
2461726.9912002315 1.0005867473
2461726.9913599538 1.0014581411
2461726.9915196761 1.0000390415
2461726.9916793983 1.0007449388
2461726.9918391202 1.0005454666
2461726.9919988425 1.0001143974
2461726.9921585647 0.9994897549
2461726.9923182870 0.9978895696
2461726.9924780093 1.0000702115
2461726.9926377316 1.0003900831
2461726.9927974539 0.9998041538
2461726.9929571757 0.9991578523
2461726.9931168980 1.0004121049
2461726.9932766203 0.9997381491
2461726.9934363426 0.9999624946
2461726.9935960649 0.9997688484
2461726.9937557871 0.9992032098
2461726.9939155094 0.9999304617
2461726.9940752313 1.0010902299
2461726.9942349535 1.0014138661
2461726.9943946758 1.0003726122
2461726.9945543981 1.0009035580
2461726.9947141204 1.0010427216
2461726.9948738427 0.9995187252
2461726.9950335650 1.0005814981
2461726.9951932868 1.0014832879
2461726.9953530091 1.0004992779
2461726.9955127314 0.9996410192
2461726.9956724537 1.0004415158
2461726.9958321759 0.9995418660
2461726.9959918982 1.0009739235
2461726.9961516205 1.0001820374
2461726.9963113423 1.0003108090
2461726.9964710646 0.9998236743
2461726.9966307869 0.9990500844
2461726.9967905092 1.0006402959
2461726.9969502315 0.9996309002
2461726.9971099538 0.9994807770
2461726.9972696761 0.9997642920
2461726.9974293979 0.9998368677
2461726.9975891206 0.9997330440
2461726.9977488425 1.0007355511
2461726.9979085648 0.9990859037
2461726.9980682870 0.9995551474
2461726.9982280093 1.0004937131
2461726.9983877316 0.9987281958
2461726.9985474534 1.0004120191
2461726.9987071762 0.9999870009
2461726.9988668980 0.9998792600
2461726.9990266203 1.0000706104
2461726.9991863426 1.0004948571
2461726.9993460649 1.0001127250
2461726.9995057872 1.0011926252
2461726.9996655090 0.9992685359
2461726.9998252317 1.0002832345
2461726.9999849536 0.9994729637
2461727.0001446758 1.0005499693
2461727.0003043981 1.0000223981
2461727.0004641204 0.9996661701
2461727.0006238427 1.0004773219
2461727.0007835645 0.9991126293
2461727.0009432873 0.9991923226
2461727.0011030091 0.9999756579
2461727.0012627314 1.0003464893
2461727.0014224537 0.9996410907
2461727.0015821760 0.9992819720
2461727.0017418982 0.9998755037
2461727.0019016205 1.0001652620
2461727.0020613428 0.9996970419
2461727.0022210646 0.9999328099
2461727.0023807869 0.9999340654
2461727.0025405092 1.0001815806
2461727.0027002315 1.0003031020
2461727.0028599538 0.9999642959
2461727.0030196761 1.0004341704
2461727.0031793984 1.0008654455
2461727.0033391202 0.9991374802
2461727.0034988425 1.0008232157
2461727.0036585648 0.9987839495
2461727.0038182870 0.9986943291
2461727.0039780093 0.9996262650
2461727.0041377316 0.9997760142
2461727.0042974539 1.0002984428
2461727.0044571757 1.0006090763
2461727.0046168980 0.9995243980
2461727.0047766203 0.9996450198
2461727.0049363426 1.0003255897
2461727.0050960649 0.9999653737
2461727.0052557872 0.9990813332
2461727.0054155095 0.9996795827
2461727.0055752313 1.0003111253
2461727.0057349536 1.0004298726
2461727.0058946759 1.0005581967
2461727.0060543981 0.9985606801
2461727.0062141204 1.0007083907
2461727.0063738427 0.9991164306
2461727.0065335650 0.9986557343
2461727.0066932868 1.0015153692
2461727.0068530091 0.9994406846
2461727.0070127314 1.0000101032
2461727.0071724537 1.0001631601
2461727.0073321760 0.9999736738
2461727.0074918983 1.0009437173
2461727.0076516205 1.0001679544
2461727.0078113424 0.9995804115
2461727.0079710647 1.0011660925
2461727.0081307869 0.9996646830
2461727.0082905092 1.0006225526
2461727.0084502315 1.0009903913
2461727.0086099538 1.0008763589
2461727.0087696761 0.9992607494
2461727.0089293979 0.9992575146
2461727.0090891202 1.0003621899
2461727.0092488425 1.0001554647
2461727.0094085648 0.9991186116
2461727.0095682871 0.9998107832
2461727.0097280093 0.9999620962
2461727.0098877316 0.9984851180
2461727.0100474535 1.0002918730
2461727.0102071757 0.9988782077
2461727.0103668980 1.0009817763
2461727.0105266203 1.0000179603
2461727.0106863426 1.0000740808
2461727.0108460649 1.0003018966
2461727.0110057872 0.9993317093
2461727.0111655090 1.0014990156
2461727.0113252318 1.0007897407
2461727.0114849536 0.9996895085
2461727.0116446759 1.0002057804
2461727.0118043981 0.9986322005
2461727.0119641204 0.9990650583
2461727.0121238427 0.9996929156
2461727.0122835645 0.9999067356
2461727.0124432873 0.9994373384
2461727.0126030091 1.0002873120
2461727.0127627314 1.0006000782
2461727.0129224537 1.0005836019
2461727.0130821760 1.0007741911
2461727.0132418983 1.0003584661
2461727.0134016201 0.9992525277
2461727.0135613428 0.9989246306
2461727.0137210647 1.0004542724
2461727.0138807870 0.9995622783
2461727.0140405092 1.0003590748
2461727.0142002315 1.0002157480
2461727.0143599538 0.9992053637
2461727.0145196756 0.9993501091
2461727.0146793984 0.9989570387
2461727.0148391202 0.9993479338
2461727.0149988425 1.0006330235
2461727.0151585648 0.9988660809
2461727.0153182871 1.0009781575
2461727.0154780094 0.9990861208
2461727.0156377316 0.9999075814
2461727.0157974539 1.0001390885
2461727.0159571758 1.0000001939
2461727.0161168980 0.9998222084
2461727.0162766203 1.0001964576
2461727.0164363426 1.0004710114
2461727.0165960649 0.9999976910
2461727.0167557872 1.0002418294
2461727.0169155095 1.0009068744
2461727.0170752313 0.9994706371
2461727.0172349536 1.0000980736
2461727.0173946759 0.9994793794
2461727.0175543982 1.0001375706
2461727.0177141204 1.0002279221
2461727.0178738427 0.9994908271
2461727.0180335650 0.9984925088
2461727.0181932868 0.9990108572
2461727.0183530091 0.9988156008
2461727.0185127314 1.0005550363
2461727.0186724537 0.9999066224
2461727.0188321760 0.9994618883
2461727.0189918983 0.9998756490
2461727.0191516206 1.0005355420
2461727.0193113424 0.9999978673
2461727.0194710647 1.0002944143
2461727.0196307870 1.0003881761
2461727.0197905093 0.9999046244
2461727.0199502315 0.9989608089
2461727.0201099538 0.9997530737
2461727.0202696761 0.9996368444
2461727.0204293979 1.0003930985
2461727.0205891202 0.9990107183
2461727.0207488425 0.9994521506
2461727.0209085648 1.0004739983
2461727.0210682871 0.9990688447
2461727.0212280094 1.0001134243
2461727.0213877317 1.0009241144
2461727.0215474535 0.9994014572
2461727.0217071758 1.0004946556
2461727.0218668981 0.9999940371
2461727.0220266203 0.9993975678
2461727.0221863426 0.9996290777
2461727.0223460649 0.9991340193
2461727.0225057872 1.0004810772
2461727.0226655090 0.9997051163
2461727.0228252313 0.9991382529
2461727.0229849536 0.9999141681
2461727.0231446759 0.9986953979
2461727.0233043982 0.9994356368
2461727.0234641205 1.0000105784
2461727.0236238427 0.9993707399
2461727.0237835646 0.9990112742
2461727.0239432869 1.0012860241
2461727.0241030091 0.9996046659
2461727.0242627314 0.9998231247
2461727.0244224537 1.0002730552
2461727.0245821760 1.0005570087
2461727.0247418983 0.9997982657
2461727.0249016201 1.0001592651
2461727.0250613429 1.0012405298
2461727.0252210647 1.0003923504
2461727.0253807870 0.9995366370
2461727.0255405093 0.9991942025
2461727.0257002315 0.9983938118
2461727.0258599538 0.9999968215
2461727.0260196757 1.0007195203
2461727.0261793984 0.9987237296
2461727.0263391202 0.9993940154
2461727.0264988425 1.0000907561
2461727.0266585648 1.0000638597
2461727.0268182871 0.9995407441
2461727.0269780094 0.9998410426
2461727.0271377312 0.9994897275
2461727.0272974540 0.9997507362
2461727.0274571758 0.9999998061
2461727.0276168981 1.0008611604
2461727.0277766204 0.9997822503
2461727.0279363426 1.0008884294
2461727.0280960649 1.0016499380
2461727.0282557867 0.9995067625
2461727.0284155095 0.9991647833
2461727.0285752313 1.0003083716
2461727.0287349536 1.0003184906
2461727.0288946759 0.9997802412
2461727.0290543982 1.0003450368
2461727.0292141205 1.0007497421
2461727.0293738428 0.9996275039
2461727.0295335650 1.0009252159
2461727.0296932869 0.9994294351
2461727.0298530092 0.9993496364
2461727.0300127314 1.0008948254
2461727.0301724537 0.9990939454
2461727.0303321760 1.0002832417
2461727.0304918983 1.0003587270
2461727.0306516206 0.9992053321
2461727.0308113424 0.9992675453
2461727.0309710647 1.0002222517
2461727.0311307870 0.9998917154
2461727.0312905093 0.9993434258
2461727.0314502316 1.0007569355
2461727.0316099538 1.0002337195
2461727.0317696761 1.0008366475
2461727.0319293980 0.9993863908
2461727.0320891202 0.9987953275
2461727.0322488425 0.9989055998
2461727.0324085648 1.0013651339
2461727.0325682871 1.0004739072
2461727.0327280094 0.9994757420
2461727.0328877317 0.9995966584
2461727.0330474535 0.9997119832
2461727.0332071758 1.0004238997
2461727.0333668981 1.0001450665
2461727.0335266204 0.9998528791
2461727.0336863426 0.9990691176
2461727.0338460649 0.9994220899
2461727.0340057872 1.0012294346
2461727.0341655090 0.9992695769
2461727.0343252313 0.9995797816
2461727.0344849536 0.9994042931
2461727.0346446759 0.9996070472
2461727.0348043982 1.0018213768
2461727.0349641205 0.9990827153
2461727.0351238428 1.0000870792
2461727.0352835646 0.9997235036
2461727.0354432869 1.0003767694
2461727.0356030092 1.0003481674
2461727.0357627315 1.0003268620
2461727.0359224537 0.9991180099
2461727.0360821760 0.9998980076
2461727.0362418983 1.0001912204
2461727.0364016201 0.9993822984
2461727.0365613424 1.0002281398
2461727.0367210647 1.0005710242
2461727.0368807870 1.0007002836
2461727.0370405093 0.9988210732
2461727.0372002316 1.0001034424
2461727.0373599539 0.9991757724
2461727.0375196757 1.0000673967
2461727.0376793980 1.0001141775
2461727.0378391203 1.0011438950
2461727.0379988425 1.0002528690
2461727.0381585648 1.0000256461
2461727.0383182871 0.9997907543
2461727.0384780094 0.9990745396
2461727.0386377312 1.0000432737
2461727.0387974540 0.9992717967
2461727.0389571758 0.9992310142
2461727.0391168981 1.0001681457
2461727.0392766204 1.0002289245
2461727.0394363427 0.9989513166
2461727.0395960649 0.9988563558
2461727.0397557868 0.9997272672
2461727.0399155095 1.0000177916
2461727.0400752313 0.9999440579
2461727.0402349536 1.0003973411
2461727.0403946759 1.0005509054
2461727.0405543982 1.0003609682
2461727.0407141205 0.9994214440
2461727.0408738423 0.9998364205
2461727.0410335651 0.9994096655
2461727.0411932869 0.9999836479
2461727.0413530092 1.0014303775
2461727.0415127315 1.0000943399
2461727.0416724537 0.9991665284
2461727.0418321760 0.9986796675
2461727.0419918979 0.9993249945
2461727.0421516206 0.9995052339
2461727.0423113424 1.0009440729
2461727.0424710647 0.9994544814
2461727.0426307870 1.0001877095
2461727.0427905093 0.9995209745
2461727.0429502316 1.0000574008
2461727.0431099539 0.9997733989
2461727.0432696762 1.0005637376
2461727.0434293980 1.0003790317
2461727.0435891203 1.0004084261
2461727.0437488426 0.9997298165
2461727.0439085648 1.0003407090
2461727.0440682871 1.0009198836
2461727.0442280094 0.9993477255
2461727.0443877317 0.9989846071
2461727.0445474535 1.0005014163
2461727.0447071758 1.0000688857
2461727.0448668981 1.0017799389
2461727.0450266204 1.0008133804
2461727.0451863427 0.9991837592
2461727.0453460650 0.9987121582
2461727.0455057872 0.9998730774
2461727.0456655091 0.9997223467
2461727.0458252314 0.9997545238
2461727.0459849536 1.0007562691
2461727.0461446759 1.0010147774
2461727.0463043982 0.9997019050
2461727.0464641205 1.0011011034
2461727.0466238428 1.0001429207
2461727.0467835646 0.9996709931
2461727.0469432869 0.9997410080
2461727.0471030092 0.9984427010
2461727.0472627315 1.0001820045
2461727.0474224538 0.9995645678
2461727.0475821760 0.9995532740
2461727.0477418983 0.9997844258
2461727.0479016202 1.0005176444
2461727.0480613424 0.9996494667
2461727.0482210647 1.0000499001
2461727.0483807870 0.9990684466
2461727.0485405093 0.9994909923
2461727.0487002316 0.9997104918
2461727.0488599539 1.0005098333
2461727.0490196757 0.9996786313
2461727.0491793980 0.9997011760
2461727.0493391203 0.9997220056
2461727.0494988426 0.9987574966
2461727.0496585649 1.0000016665
2461727.0498182871 1.0000641913
2461727.0499780094 1.0007431654
2461727.0501377312 1.0003151238
2461727.0502974535 0.9993867218
2461727.0504571758 0.9999538209
2461727.0506168981 0.9997567140
2461727.0507766204 1.0011317758
2461727.0509363427 1.0008246989
2461727.0510960650 1.0000459070
2461727.0512557868 1.0006185856
2461727.0514155091 0.9996381053
2461727.0515752314 0.9997481264
2461727.0517349537 1.0006524434
2461727.0518946759 0.9994655871
2461727.0520543982 0.9999056435
2461727.0522141205 0.9997545231
2461727.0523738423 0.9986477359
2461727.0525335651 0.9992924535
2461727.0526932869 1.0005634696
2461727.0528530092 0.9995281691
2461727.0530127315 0.9995344209
2461727.0531724538 0.9998607712
2461727.0533321761 0.9997225578
2461727.0534918979 0.9994930177
2461727.0536516206 0.9985359196
2461727.0538113425 0.9994477351
2461727.0539710647 1.0000425175
2461727.0541307870 0.9996993813
2461727.0542905093 1.0003376842
2461727.0544502316 1.0001471044
2461727.0546099534 0.9990908843
2461727.0547696762 1.0001219853
2461727.0549293980 0.9994965452
2461727.0550891203 0.9985484489
2461727.0552488426 0.9997692771
2461727.0554085649 1.0010848199
2461727.0555682871 1.0002946645
2461727.0557280090 1.0004431546
2461727.0558877317 0.9990478806
2461727.0560474535 1.0001508734
2461727.0562071758 0.9989484990
2461727.0563668981 1.0012043151
2461727.0565266204 0.9992985878
2461727.0566863427 0.9996065072
2461727.0568460650 1.0004427802
2461727.0570057873 0.9999971201
2461727.0571655091 0.9996560990
2461727.0573252314 0.9986749150
2461727.0574849537 0.9995101707
2461727.0576446760 1.0009841907
2461727.0578043982 0.9995649763
2461727.0579641205 0.9992535759
2461727.0581238428 1.0000765368
2461727.0582835646 0.9996807905
2461727.0584432869 1.0015500847
2461727.0586030092 0.9998492191
2461727.0587627315 0.9995115961
2461727.0589224538 1.0002185802
2461727.0590821761 0.9998949279
2461727.0592418984 0.9986369450
2461727.0594016202 0.9994369264
2461727.0595613425 0.9995937733
2461727.0597210648 1.0000640289
2461727.0598807870 0.9999676876
2461727.0600405093 1.0004557457
2461727.0602002316 1.0005340565
2461727.0603599539 1.0000167840
2461727.0605196757 1.0006740836
2461727.0606793980 0.9987607644
2461727.0608391203 0.9995628360
2461727.0609988426 1.0010512052
2461727.0611585649 1.0011674604
2461727.0613182872 0.9986171500
2461727.0614780094 1.0003650012
2461727.0616377313 1.0005214659
2461727.0617974536 1.0010383578
2461727.0619571758 0.9991318845
2461727.0621168981 0.9994085226
2461727.0622766204 0.9997036553
2461727.0624363427 0.9994595805
2461727.0625960650 0.9993973910
2461727.0627557868 1.0004594105
2461727.0629155091 0.9989817749
2461727.0630752314 1.0002402174
2461727.0632349537 1.0000772859
2461727.0633946760 0.9997420216
2461727.0635543982 0.9994600996
2461727.0637141205 0.9993289044
2461727.0638738424 1.0009293025
2461727.0640335646 1.0008591327
2461727.0641932869 0.9997551259
2461727.0643530092 1.0021180062
2461727.0645127315 1.0009852392
2461727.0646724538 1.0007647235
2461727.0648321761 1.0005067168
2461727.0649918979 0.9997543719
2461727.0651516202 0.9995346062
2461727.0653113425 0.9987405492
2461727.0654710648 1.0005841675
2461727.0656307871 0.9998941418
2461727.0657905093 0.9992513392
2461727.0659502316 0.9996806213
2461727.0661099534 1.0006489448
2461727.0662696757 0.9998330751
2461727.0664293980 0.9990594152
2461727.0665891203 0.9997232665
2461727.0667488426 1.0002473316
2461727.0669085649 1.0004967046
2461727.0670682872 0.9988590364
2461727.0672280090 0.9999218097
2461727.0673877317 0.9994954675
2461727.0675474536 1.0009106059
2461727.0677071759 1.0003365256
2461727.0678668981 0.9998261514
2461727.0680266204 0.9991369757
2461727.0681863427 0.9989015062
2461727.0683460645 0.9992595771
2461727.0685057873 0.9994246706
2461727.0686655091 0.9993900170
2461727.0688252314 0.9991262054
2461727.0689849537 1.0000241369
2461727.0691446760 0.9995325282
2461727.0693043983 0.9998288487
2461727.0694641201 1.0004069871
2461727.0696238428 0.9993454105
2461727.0697835647 0.9994811997
2461727.0699432869 1.0000513398
2461727.0701030092 1.0001151706
2461727.0702627315 1.0007910731
2461727.0704224538 0.9993243760
2461727.0705821761 0.9999650735
2461727.0707418984 1.0002973661
2461727.0709016202 0.9989669366
2461727.0710613425 1.0004818440
2461727.0712210648 0.9994088191
2461727.0713807871 0.9995911238
2461727.0715405094 1.0004807124
2461727.0717002316 0.9999125730
2461727.0718599539 0.9990023227
2461727.0720196757 0.9998909575
2461727.0721793980 0.9996923831
2461727.0723391203 1.0000676380
2461727.0724988426 0.9999301805
2461727.0726585649 1.0010715658
2461727.0728182872 0.9995843753
2461727.0729780095 0.9990337144
2461727.0731377313 0.9996516865
2461727.0732974536 1.0012624787
2461727.0734571759 0.9994581858
2461727.0736168982 1.0003559599
2461727.0737766204 0.9994961235
2461727.0739363427 0.9997820366
2461727.0740960650 0.9993743479
2461727.0742557868 1.0004949847
2461727.0744155091 0.9999847938
2461727.0745752314 0.9991461752
2461727.0747349537 1.0002970697
2461727.0748946760 0.9995137262
2461727.0750543983 1.0012005827
2461727.0752141206 1.0004782629
2461727.0753738424 1.0010903506
2461727.0755335647 0.9998697694
2461727.0756932870 0.9998425632
2461727.0758530092 1.0003057015
2461727.0760127315 0.9992368111
2461727.0761724538 0.9997556996
2461727.0763321761 1.0007317508
2461727.0764918979 0.9991574841
2461727.0766516202 0.9996458047
2461727.0768113425 0.9995017247
2461727.0769710648 0.9993908481
2461727.0771307871 1.0008350061
2461727.0772905094 1.0002949519
2461727.0774502316 0.9983501362
2461727.0776099535 0.9990164380
2461727.0777696758 1.0008886361
2461727.0779293980 1.0004461404
2461727.0780891203 0.9992796802
2461727.0782488426 1.0006360026
2461727.0784085649 1.0003409483
2461727.0785682872 1.0000402377
2461727.0787280090 1.0005704423
2461727.0788877313 1.0008192120
2461727.0790474536 0.9997894718
2461727.0792071759 1.0009427950
2461727.0793668982 0.9987278643
2461727.0795266205 0.9998695658
2461727.0796863427 0.9998929948
2461727.0798460646 0.9995704621
2461727.0800057868 1.0005171916
2461727.0801655091 0.9986990217
2461727.0803252314 0.9998291426
2461727.0804849537 0.9998557412
2461727.0806446760 0.9997358419
2461727.0808043983 0.9990180194
2461727.0809641201 0.9999012272
2461727.0811238429 0.9984595593
2461727.0812835647 0.9993118566
2461727.0814432870 1.0001953522
2461727.0816030093 0.9994195422
2461727.0817627315 0.9999374957
2461727.0819224538 1.0008077963
2461727.0820821756 1.0004525478
2461727.0822418984 0.9999887998
2461727.0824016202 1.0004654340
2461727.0825613425 0.9996285505
2461727.0827210648 1.0000953838
2461727.0828807871 0.9985733688
2461727.0830405094 0.9996311779
2461727.0832002312 0.9999153981
2461727.0833599539 0.9988946981
2461727.0835196758 0.9996362087
2461727.0836793981 1.0006002808
2461727.0838391203 0.9995565124
2461727.0839988426 1.0012786128
2461727.0841585649 1.0006208700
2461727.0843182872 1.0002375132
2461727.0844780095 1.0010656913
2461727.0846377313 1.0002274560
2461727.0847974536 0.9997940734
2461727.0849571759 1.0003767139
2461727.0851168982 0.9998006941
2461727.0852766205 1.0008162693
2461727.0854363427 0.9997620278
2461727.0855960650 0.9991745704
2461727.0857557869 1.0003843740
2461727.0859155091 0.9997739670
2461727.0860752314 1.0014900079
2461727.0862349537 0.9981824402
2461727.0863946760 1.0006453510
2461727.0865543983 0.9999102029
2461727.0867141206 1.0010996462
2461727.0868738424 1.0001630198
2461727.0870335647 0.9999689879
2461727.0871932870 1.0014806943
2461727.0873530093 0.9982699542
2461727.0875127316 0.9991228672
2461727.0876724538 1.0002010971
2461727.0878321761 1.0010068455
2461727.0879918979 1.0000331857
2461727.0881516202 1.0008460817
2461727.0883113425 1.0005117689
2461727.0884710648 0.9999186164
2461727.0886307871 1.0010316223
2461727.0887905094 1.0002065468
2461727.0889502317 0.9995276000
2461727.0891099535 1.0003338115
2461727.0892696758 0.9993961082
2461727.0894293981 0.9995293771
2461727.0895891204 0.9998373229
2461727.0897488426 1.0000278455
2461727.0899085649 0.9999249257
2461727.0900682872 1.0002825051
2461727.0902280090 0.9996852806
2461727.0903877313 1.0023953524
2461727.0905474536 0.9997349495
2461727.0907071759 1.0006315486
2461727.0908668982 1.0007613381
2461727.0910266205 0.9997893403
2461727.0911863428 0.9990242947
2461727.0913460646 1.0011433001
2461727.0915057869 0.9990554655
2461727.0916655092 1.0004483677
2461727.0918252314 0.9999573359
2461727.0919849537 1.0006341085
2461727.0921446760 1.0008281547
2461727.0923043983 1.0008456331
2461727.0924641201 0.9989827970
2461727.0926238424 1.0000913336
2461727.0927835647 1.0014341927
2461727.0929432870 1.0004805281
2461727.0931030093 0.9996428541
2461727.0932627316 0.9991974799
2461727.0934224539 0.9990127338
2461727.0935821757 0.9999364354
2461727.0937418980 1.0006875294
2461727.0939016202 0.9997552860
2461727.0940613425 1.0006976422
2461727.0942210648 0.9993413104
2461727.0943807871 0.9999691431
2461727.0945405094 0.9990996405
2461727.0947002312 0.9995667026
2461727.0948599540 1.0000581238
2461727.0950196758 0.9994299472
2461727.0951793981 1.0002436944
2461727.0953391204 1.0008990442
2461727.0954988427 1.0016498928
2461727.0956585649 0.9998889204
2461727.0958182868 1.0000486251
2461727.0959780095 1.0000169080
2461727.0961377313 1.0000502046
2461727.0962974536 1.0005430236
2461727.0964571759 1.0006628851
2461727.0966168982 0.9986416798
2461727.0967766205 1.0007368019
2461727.0969363423 1.0011359767
2461727.0970960651 1.0007639925
2461727.0972557869 1.0004644112
2461727.0974155092 0.9987295261
2461727.0975752315 1.0001320468
2461727.0977349537 0.9999891567
2461727.0978946760 0.9990793970
2461727.0980543983 0.9991372202
2461727.0982141206 1.0002021863
2461727.0983738424 0.9996855610
2461727.0985335647 0.9987573618
2461727.0986932870 0.9998080458
2461727.0988530093 0.9984467526
2461727.0990127316 0.9996403610
2461727.0991724539 1.0000188285
2461727.0993321761 1.0001732068
2461727.0994918980 0.9988174096
2461727.0996516203 0.9999675184
2461727.0998113425 0.9997847413
2461727.0999710648 0.9999090905
2461727.1001307871 1.0006221750
2461727.1002905094 1.0004103536
2461727.1004502317 1.0012443006
2461727.1006099535 0.9997182359
2461727.1007696758 1.0001118940
2461727.1009293981 0.9995465114
2461727.1010891204 0.9999989652
2461727.1012488427 1.0006663606
2461727.1014085650 1.0012170894
2461727.1015682872 0.9993327840
2461727.1017280091 1.0013865354
2461727.1018877313 0.9993411032
2461727.1020474536 0.9998379427
2461727.1022071759 0.9992588115
2461727.1023668982 0.9988291422
2461727.1025266205 0.9998534543
2461727.1026863428 0.9998490294
2461727.1028460646 0.9987003068
2461727.1030057869 1.0001109147
2461727.1031655092 0.9999907776
2461727.1033252315 1.0001982688
2461727.1034849538 0.9998089641
2461727.1036446760 1.0005565464
2461727.1038043983 1.0005020190
2461727.1039641201 0.9997147295
2461727.1041238424 1.0004673408
2461727.1042835647 1.0001844999
2461727.1044432870 0.9992907398
2461727.1046030093 0.9999348636
2461727.1047627316 0.9997323092
2461727.1049224539 1.0003394924
2461727.1050821757 1.0004892663
2461727.1052418980 1.0008053455
2461727.1054016203 1.0000580366
2461727.1055613426 1.0002778618
2461727.1057210648 0.9996176137
2461727.1058807871 0.9999061164
2461727.1060405094 0.9996860468
2461727.1062002312 1.0002783208
2461727.1063599535 0.9984351254
2461727.1065196758 1.0007628271
2461727.1066793981 0.9995955561
2461727.1068391204 1.0002390696
2461727.1069988427 0.9996604581
2461727.1071585650 1.0000615844
2461727.1073182868 0.9996508847
2461727.1074780091 1.0003324609
2461727.1076377314 1.0004292339
2461727.1077974536 1.0017272953
2461727.1079571759 0.9995513450
2461727.1081168982 0.9993615432
2461727.1082766205 0.9990722375
2461727.1084363423 0.9997364140
2461727.1085960651 1.0000521752
2461727.1087557869 1.0007419208
2461727.1089155092 1.0009617915
2461727.1090752315 0.9991911503
2461727.1092349538 1.0002250410
2461727.1093946761 0.9995095681
2461727.1095543979 0.9995577954
2461727.1097141206 1.0004061290
2461727.1098738424 0.9990690847
2461727.1100335647 0.9992436885
2461727.1101932870 0.9991943535
2461727.1103530093 1.0004139453
2461727.1105127316 0.9999378178
2461727.1106724534 1.0007911364
2461727.1108321762 1.0002147422
2461727.1109918980 0.9998471676
2461727.1111516203 0.9985806469
2461727.1113113426 0.9998925487
2461727.1114710649 0.9996242071
2461727.1116307871 0.9986417203
2461727.1117905094 1.0004876361
2461727.1119502317 0.9996220310
2461727.1121099535 0.9991815195
2461727.1122696758 0.9996573858
2461727.1124293981 1.0003787918
2461727.1125891204 1.0000543384
2461727.1127488427 0.9994339284
2461727.1129085650 0.9996152204
2461727.1130682873 1.0000872669
2461727.1132280091 1.0001969875
2461727.1133877314 0.9991468274
2461727.1135474537 0.9994275542
2461727.1137071759 1.0001668168
2461727.1138668982 0.9998757928
2461727.1140266205 0.9996044911
2461727.1141863428 0.9989827296
2461727.1143460646 1.0009484057
2461727.1145057869 1.0002368457
2461727.1146655092 1.0003608936
2461727.1148252315 1.0005677587
2461727.1149849538 0.9996959805
2461727.1151446761 1.0009360065
2461727.1153043984 0.9987167353
2461727.1154641202 0.9992748060
2461727.1156238425 1.0000236324
2461727.1157835647 1.0007927004
2461727.1159432870 0.9992919445
2461727.1161030093 1.0005547484
2461727.1162627316 0.9996943395
2461727.1164224539 0.9996921603
2461727.1165821757 0.9995219052
2461727.1167418980 0.9996425646
2461727.1169016203 0.9996470318
2461727.1170613426 1.0007290112
2461727.1172210649 1.0000750912
2461727.1173807872 1.0000227891
2461727.1175405094 1.0007547969
2461727.1177002313 0.9999993289
2461727.1178599535 1.0012436760
2461727.1180196758 0.9991224273
2461727.1181793981 1.0002021460
2461727.1183391204 0.9990823376
2461727.1184988427 1.0009334326
2461727.1186585650 0.9999622888
2461727.1188182868 1.0002613542
2461727.1189780091 1.0004682169
2461727.1191377314 0.9995220858
2461727.1192974537 0.9989940915
2461727.1194571760 1.0004407088
2461727.1196168982 1.0002756685
2461727.1197766205 0.9999128629
2461727.1199363424 1.0002190107
2461727.1200960646 1.0007970236
2461727.1202557869 1.0002860787
2461727.1204155092 0.9997997424
2461727.1205752315 1.0006720620
2461727.1207349538 0.9997523135
2461727.1208946761 0.9992734177
2461727.1210543979 1.0015673222
2461727.1212141202 0.9998867725
2461727.1213738425 1.0006433491
2461727.1215335648 0.9998967447
2461727.1216932870 1.0007417008
2461727.1218530093 1.0006000193
2461727.1220127316 0.9983266121
2461727.1221724534 1.0011711746
2461727.1223321762 1.0009177827
2461727.1224918980 0.9991145149
2461727.1226516203 1.0004652068
2461727.1228113426 0.9992566892
2461727.1229710649 1.0006059581
2461727.1231307872 0.9995652451
2461727.1232905090 0.9999594010
2461727.1234502317 1.0002925930
2461727.1236099536 0.9995026012
2461727.1237696758 1.0004853674
2461727.1239293981 0.9993545560
2461727.1240891204 1.0004070457
2461727.1242488427 1.0002037279
2461727.1244085645 1.0009099455
2461727.1245682873 0.9997051980
2461727.1247280091 1.0007967772
2461727.1248877314 1.0001587073
2461727.1250474537 1.0004612403
2461727.1252071760 0.9987527706
2461727.1253668983 1.0007810015
2461727.1255266205 1.0003792953
2461727.1256863428 0.9998780235
2461727.1258460646 0.9993499795
2461727.1260057869 1.0000901857
2461727.1261655092 1.0001398790
2461727.1263252315 1.0005627132
2461727.1264849538 0.9993813368
2461727.1266446761 1.0004190305
2461727.1268043984 0.9993395395
2461727.1269641202 1.0000478369
2461727.1271238425 1.0007135310
2461727.1272835648 0.9994662100
2461727.1274432871 0.9994386820
2461727.1276030093 1.0006934654
2461727.1277627316 0.9991938852
2461727.1279224539 0.9990500360
2461727.1280821757 0.9992152435
2461727.1282418980 0.9993359015
2461727.1284016203 1.0011495021
2461727.1285613426 0.9991452905
2461727.1287210649 0.9998599589
2461727.1288807872 0.9993589939
2461727.1290405095 1.0008544995
2461727.1292002313 1.0006593959
2461727.1293599536 0.9995459048
2461727.1295196759 1.0005613596
2461727.1296793981 1.0012895190
2461727.1298391204 0.9993191795
2461727.1299988427 0.9991071863
2461727.1301585650 0.9999814633
2461727.1303182868 0.9992939162
2461727.1304780091 1.0007006087
2461727.1306377314 1.0000449384
2461727.1307974537 0.9996734198
2461727.1309571760 0.9996253030
2461727.1311168983 0.9989784071
2461727.1312766206 0.9995353228
2461727.1314363424 1.0007326687
2461727.1315960647 1.0001963045
2461727.1317557869 0.9998562261
2461727.1319155092 0.9997132318
2461727.1320752315 0.9993237358
2461727.1322349538 0.9999456964
2461727.1323946761 0.9993805903
2461727.1325543979 0.9991600346
2461727.1327141202 0.9992058429
2461727.1328738425 0.9997807664
2461727.1330335648 1.0006945632
2461727.1331932871 1.0001959841
2461727.1333530094 0.9997280606
2461727.1335127316 1.0003997478
2461727.1336724535 0.9993633370
2461727.1338321758 1.0000046475
2461727.1339918980 1.0016821037
2461727.1341516203 0.9994012448
2461727.1343113426 1.0003104653
2461727.1344710649 0.9993748543
2461727.1346307872 1.0010946483
2461727.1347905090 1.0001995413
2461727.1349502313 0.9992435880
2461727.1351099536 0.9993785174
2461727.1352696759 0.9999116258
2461727.1354293982 0.9998900796
2461727.1355891204 1.0003902967
2461727.1357488427 1.0000121167
2461727.1359085646 1.0002309642
2461727.1360682873 0.9998659615
2461727.1362280091 1.0004803682
2461727.1363877314 0.9992693687
2461727.1365474537 0.9991369218
2461727.1367071760 0.9994440989
2461727.1368668983 0.9989299949
2461727.1370266201 0.9996875351
2461727.1371863429 1.0012445463
2461727.1373460647 1.0002658311
2461727.1375057870 0.9993404314
2461727.1376655092 0.9995513430
2461727.1378252315 0.9997351126
2461727.1379849538 0.9990720745
2461727.1381446756 1.0007460749
2461727.1383043984 1.0005628408
2461727.1384641202 0.9984415956
2461727.1386238425 0.9981601300
2461727.1387835648 0.9992382432
2461727.1389432871 0.9994534347
2461727.1391030094 1.0011593074
2461727.1392627317 0.9989275888
2461727.1394224539 0.9998614922
2461727.1395821758 0.9982136219
2461727.1397418980 1.0009903977
2461727.1399016203 0.9984102750
2461727.1400613426 1.0004697471
2461727.1402210649 0.9998384648
2461727.1403807872 0.9992351755
2461727.1405405095 0.9986192198
2461727.1407002313 0.9998447384
2461727.1408599536 0.9999506672
2461727.1410196759 0.9994145959
2461727.1411793982 1.0004195999
2461727.1413391205 0.9992685075
2461727.1414988427 0.9994052192
2461727.1416585650 1.0007291698
2461727.1418182869 1.0007667182
2461727.1419780091 0.9995327769
2461727.1421377314 1.0008814736
2461727.1422974537 0.9985489105
2461727.1424571760 0.9990012754
2461727.1426168983 1.0003819825
2461727.1427766206 0.9994151563
2461727.1429363424 0.9999015352
2461727.1430960647 1.0005733356
2461727.1432557870 0.9996832817
2461727.1434155093 0.9989661254
2461727.1435752315 0.9990653049
2461727.1437349538 1.0006388291
2461727.1438946761 0.9996976162
2461727.1440543979 0.9997699501
2461727.1442141202 0.9995034668
2461727.1443738425 0.9997464226
2461727.1445335648 0.9998922196
2461727.1446932871 1.0016927079
2461727.1448530094 1.0017556505
2461727.1450127317 0.9992277338
2461727.1451724535 0.9999735155
2461727.1453321758 0.9994270737
2461727.1454918981 0.9998722183
2461727.1456516203 0.9989348486
2461727.1458113426 0.9997014738
2461727.1459710649 0.9994206054
2461727.1461307872 1.0008649627
2461727.1462905090 1.0001020111
2461727.1464502313 0.9997263308
2461727.1466099536 1.0006218495
2461727.1467696759 0.9991603162
2461727.1469293982 1.0014343738
2461727.1470891205 0.9995658506
2461727.1472488428 0.9987968240
2461727.1474085646 0.9997218695
2461727.1475682869 1.0002373869
2461727.1477280091 1.0011961624
2461727.1478877314 1.0005602941
2461727.1480474537 1.0003636170
2461727.1482071760 1.0001348644
2461727.1483668983 1.0013366483
2461727.1485266201 1.0007963146
2461727.1486863424 0.9989957614
2461727.1488460647 0.9998047940
2461727.1490057870 0.9996064261
2461727.1491655093 1.0007455751
2461727.1493252316 1.0007850308
2461727.1494849538 0.9992563901
2461727.1496446757 0.9996448219
2461727.1498043984 1.0001557234
2461727.1499641202 0.9995600247
2461727.1501238425 1.0000777191
2461727.1502835648 1.0007130814
2461727.1504432871 0.9985775159
2461727.1506030094 0.9989051248
2461727.1507627312 0.9982103743
2461727.1509224540 1.0006547537
2461727.1510821758 0.9998589937
2461727.1512418981 1.0000678926
2461727.1514016204 0.9992110340
2461727.1515613426 0.9996588677
2461727.1517210649 0.9998186148
2461727.1518807868 0.9995890152
2461727.1520405095 1.0003299935
2461727.1522002313 1.0000969718
2461727.1523599536 0.9989050416
2461727.1525196759 1.0006004020
2461727.1526793982 0.9995812192
2461727.1528391205 0.9994245557
2461727.1529988428 1.0006564290
2461727.1531585651 0.9993239708
2461727.1533182869 0.9992276356
2461727.1534780092 0.9994465454
2461727.1536377314 0.9993588623
2461727.1537974537 0.9995203788
2461727.1539571760 0.9990307845
2461727.1541168983 0.9991520955
2461727.1542766206 0.9992351184
2461727.1544363424 0.9996862908
2461727.1545960647 1.0012006782
2461727.1547557870 0.9997936040
2461727.1549155093 1.0007074045
2461727.1550752316 0.9997780960
2461727.1552349539 0.9989926218
2461727.1553946761 1.0001873356
2461727.1555543980 0.9995671648
2461727.1557141203 1.0003071577
2461727.1558738425 0.9996298561
2461727.1560335648 1.0009171277
2461727.1561932871 1.0000208261
2461727.1563530094 1.0001668016
2461727.1565127317 0.9995679255
2461727.1566724535 0.9996326223
2461727.1568321758 0.9996145037
2461727.1569918981 1.0005150774
2461727.1571516204 0.9996961118
2461727.1573113427 1.0011083680
2461727.1574710649 1.0007374124
2461727.1576307872 1.0003291110
2461727.1577905091 0.9999249010
2461727.1579502313 1.0003596799
2461727.1581099536 1.0005667879
2461727.1582696759 1.0001029446
2461727.1584293982 1.0003589346
2461727.1585891205 0.9997688354
2461727.1587488428 1.0009078833
2461727.1589085646 0.9997228696
2461727.1590682869 0.9994607945
2461727.1592280092 1.0004529702
2461727.1593877315 0.9999450951
2461727.1595474537 1.0002537483
2461727.1597071760 0.9992599541
2461727.1598668983 1.0002863619
2461727.1600266201 0.9997173203
2461727.1601863424 0.9999889259
2461727.1603460647 1.0007513272
2461727.1605057870 0.9993676518
2461727.1606655093 1.0000033710
2461727.1608252316 1.0004423399
2461727.1609849539 1.0007911600
2461727.1611446757 0.9998830509
2461727.1613043980 1.0009757999
2461727.1614641203 0.9992648888
2461727.1616238425 0.9996263981
2461727.1617835648 0.9989574106
2461727.1619432871 0.9997667114
2461727.1621030094 1.0003359750
2461727.1622627312 1.0000715242
2461727.1624224535 1.0003177232
2461727.1625821758 1.0001380265
2461727.1627418981 1.0004667965
2461727.1629016204 0.9992252986
2461727.1630613427 0.9997208564
2461727.1632210650 1.0011425077
2461727.1633807868 0.9998393059
2461727.1635405095 1.0004675867
2461727.1637002314 1.0002036711
2461727.1638599536 0.9990791841
2461727.1640196759 1.0011715402
2461727.1641793982 0.9997675373
2461727.1643391205 1.0002161392
2461727.1644988423 0.9992473167
2461727.1646585651 0.9989066833
2461727.1648182869 0.9998059498
2461727.1649780092 0.9991234769
2461727.1651377315 1.0010100010
2461727.1652974538 1.0002507639
2461727.1654571760 0.9997196286
2461727.1656168979 0.9996061255
2461727.1657766206 1.0006309958
2461727.1659363424 1.0007228080
2461727.1660960647 0.9995767513
2461727.1662557870 0.9992517504
2461727.1664155093 1.0004025115
2461727.1665752316 0.9992600038
2461727.1667349534 0.9989176858
2461727.1668946762 0.9994026771
2461727.1670543980 1.0001187825
2461727.1672141203 1.0003182432
2461727.1673738426 1.0002665816
2461727.1675335648 0.9999259624
2461727.1676932871 0.9997977160
2461727.1678530094 1.0005566533
2461727.1680127317 1.0003433710
2461727.1681724535 1.0003487842
2461727.1683321758 1.0004460699
2461727.1684918981 0.9989328466
2461727.1686516204 0.9996107665
2461727.1688113427 1.0002192876
2461727.1689710650 1.0004161247
2461727.1691307873 1.0007667655
2461727.1692905091 1.0008028354
2461727.1694502314 1.0005386609
2461727.1696099536 1.0003349027
2461727.1697696759 0.9991155328
2461727.1699293982 1.0001417495
2461727.1700891205 1.0007289368
2461727.1702488428 1.0009487735
2461727.1704085646 0.9998260472
2461727.1705682869 1.0005907004
2461727.1707280092 0.9999251725
2461727.1708877315 1.0001995358
2461727.1710474538 1.0011304268
2461727.1712071761 0.9999133971
2461727.1713668983 1.0000800161
2461727.1715266202 1.0002131934
2461727.1716863425 0.9992967718
2461727.1718460647 0.9978930223
2461727.1720057870 1.0000732566
2461727.1721655093 1.0010838893
2461727.1723252316 0.9998902536
2461727.1724849539 1.0003344208
2461727.1726446757 1.0003305235
2461727.1728043980 0.9985161002
2461727.1729641203 0.9995794389
2461727.1731238426 1.0001737553
2461727.1732835649 1.0012760550
2461727.1734432871 1.0009580314
2461727.1736030094 1.0009563408
2461727.1737627313 1.0005594786
2461727.1739224535 1.0000272205
2461727.1740821758 0.9997096766
2461727.1742418981 1.0006727727
2461727.1744016204 1.0002638611
2461727.1745613427 1.0004401035
2461727.1747210650 1.0000932443
2461727.1748807868 1.0007334202
2461727.1750405091 1.0008057394
2461727.1752002314 1.0001238667
2461727.1753599537 1.0003119968
2461727.1755196759 0.9990262711
2461727.1756793982 1.0001102336
2461727.1758391205 1.0001908544
2461727.1759988423 0.9984014956
2461727.1761585646 1.0011043938
2461727.1763182869 0.9992285708
2461727.1764780092 0.9997479059
2461727.1766377315 0.9999508854
2461727.1767974538 0.9995786707
2461727.1769571761 0.9990955208
2461727.1771168979 1.0000943918
2461727.1772766206 1.0001353276
2461727.1774363425 1.0004630278
2461727.1775960648 1.0007335002
2461727.1777557870 1.0010382035
2461727.1779155093 0.9993432734
2461727.1780752316 1.0006020291
2461727.1782349534 1.0002885037
2461727.1783946762 0.9995852309
2461727.1785543980 1.0003928626
2461727.1787141203 1.0000834034
2461727.1788738426 1.0011485013
2461727.1790335649 0.9997300677
2461727.1791932872 0.9996615334
2461727.1793530090 1.0007499736
2461727.1795127317 0.9988430268
2461727.1796724536 1.0005685750
2461727.1798321758 1.0007111359
2461727.1799918981 0.9998985210
2461727.1801516204 0.9999223184
2461727.1803113427 1.0000067961
2461727.1804710645 1.0001613810
2461727.1806307873 1.0004728556
2461727.1807905091 0.9985715965
2461727.1809502314 0.9992520129
2461727.1811099537 0.9994659464
2461727.1812696760 0.9994487760
2461727.1814293982 0.9998339118
2461727.1815891205 0.9995165861
2461727.1817488428 1.0001155008
2461727.1819085646 1.0000741573
2461727.1820682869 0.9991765098
2461727.1822280092 0.9999566752
2461727.1823877315 1.0002870391
2461727.1825474538 0.9999427736
2461727.1827071761 1.0002992912
2461727.1828668984 1.0006121702
2461727.1830266202 0.9999455735
2461727.1831863425 0.9992950269
2461727.1833460648 0.9999300014
2461727.1835057870 0.9996689075
2461727.1836655093 1.0008134452
2461727.1838252316 0.9992912696
2461727.1839849539 1.0003450404
2461727.1841446757 1.0006500002
2461727.1843043980 0.9993323486
2461727.1844641203 0.9998399877
2461727.1846238426 0.9994843955
2461727.1847835649 1.0002205657
2461727.1849432872 0.9996878650
2461727.1851030095 1.0002709299
2461727.1852627313 0.9993053110
2461727.1854224536 0.9991886762
2461727.1855821759 1.0001098327
2461727.1857418981 1.0000835856
2461727.1859016204 1.0005836295
2461727.1860613427 1.0009461467
2461727.1862210650 1.0003738420
2461727.1863807868 0.9998096600
2461727.1865405091 0.9999775721
2461727.1867002314 0.9992801488
2461727.1868599537 1.0011412877
2461727.1870196760 0.9994827033
2461727.1871793983 0.9991011939
2461727.1873391205 1.0004530884
2461727.1874988424 1.0008600568
2461727.1876585647 0.9999774096
2461727.1878182869 0.9993426881
2461727.1879780092 0.9988342726
2461727.1881377315 0.9984891485
2461727.1882974538 0.9989673098
2461727.1884571761 0.9992348860
2461727.1886168979 0.9989511164
2461727.1887766202 0.9990965714
2461727.1889363425 1.0000265577
2461727.1890960648 1.0000078887
2461727.1892557871 1.0004376180
2461727.1894155093 0.9989604521
2461727.1895752316 1.0006228366
2461727.1897349535 1.0001258446
2461727.1898946757 1.0005987220
2461727.1900543980 1.0002200072
2461727.1902141203 1.0005227295
2461727.1903738426 0.9998890182
2461727.1905335649 1.0000975800
2461727.1906932872 0.9997783038
2461727.1908530090 0.9994902985
2461727.1910127318 0.9997748549
2461727.1911724536 1.0008440184
2461727.1913321759 0.9994420137
2461727.1914918981 0.9999644870
2461727.1916516204 0.9977979438
2461727.1918113427 1.0002342565
2461727.1919710645 1.0002449579
2461727.1921307873 0.9999393356
2461727.1922905091 1.0003059622
2461727.1924502314 0.9997466073
2461727.1926099537 0.9996519456
2461727.1927696760 1.0003631558
2461727.1929293983 1.0013265081
2461727.1930891201 1.0004539596
2461727.1932488428 0.9997828020
2461727.1934085647 0.9993341481
2461727.1935682870 0.9976260626
2461727.1937280092 0.9991637718
2461727.1938877315 1.0004563836
2461727.1940474538 0.9997919465
2461727.1942071756 1.0004420780
2461727.1943668984 0.9997735818
2461727.1945266202 0.9992583885
2461727.1946863425 0.9999585231
2461727.1948460648 1.0011680338
2461727.1950057871 0.9985158151
2461727.1951655094 1.0004616579
2461727.1953252316 1.0019033536
2461727.1954849539 1.0004834610
2461727.1956446758 0.9999642388
2461727.1958043980 0.9992204884
2461727.1959641203 1.0004253747
2461727.1961238426 0.9991596872
2461727.1962835649 1.0001837449
2461727.1964432872 1.0003896213
2461727.1966030095 1.0019171733
2461727.1967627313 1.0004480842
2461727.1969224536 1.0000446487
2461727.1970821759 1.0000340597
2461727.1972418982 0.9984183461
2461727.1974016204 0.9998761909
2461727.1975613427 0.9997803080
2461727.1977210650 1.0004819463
2461727.1978807868 1.0003461230
2461727.1980405091 0.9991360469
2461727.1982002314 1.0002568283
2461727.1983599537 0.9998015516
2461727.1985196760 0.9989184841
2461727.1986793983 0.9991263723
2461727.1988391206 1.0005727847
2461727.1989988424 1.0001439213
2461727.1991585647 1.0006659188
2461727.1993182870 0.9994411406
2461727.1994780093 1.0013020445
2461727.1996377315 0.9992773312
2461727.1997974538 1.0010362726
2461727.1999571761 1.0009740810
2461727.2001168979 0.9993039664
2461727.2002766202 0.9994957606
2461727.2004363425 0.9998209463
2461727.2005960648 1.0004910123
2461727.2007557871 0.9991008344
2461727.2009155094 1.0003254693
2461727.2010752317 0.9996449303
2461727.2012349535 0.9990703531
2461727.2013946758 1.0009022688
2461727.2015543981 1.0001634394
2461727.2017141203 1.0002909345
2461727.2018738426 0.9997395755
2461727.2020335649 1.0007015129
2461727.2021932872 0.9998082500
2461727.2023530090 1.0005854283
2461727.2025127313 0.9989370961
2461727.2026724536 0.9984413166
2461727.2028321759 0.9995310093
2461727.2029918982 1.0005128648
2461727.2031516205 1.0000116168
2461727.2033113427 0.9992798995
2461727.2034710646 0.9992639158
2461727.2036307869 1.0000644057
2461727.2037905091 1.0001713335
2461727.2039502314 1.0010058038
2461727.2041099537 1.0000434505
2461727.2042696760 0.9988532041
2461727.2044293983 1.0002027385
2461727.2045891201 0.9997337840
2461727.2047488429 0.9985053399
2461727.2049085647 1.0009166454
2461727.2050682870 1.0010868557
2461727.2052280093 1.0005349556
2461727.2053877315 1.0003251282
2461727.2055474538 0.9990926573
2461727.2057071757 0.9996260395
2461727.2058668984 0.9998287245
2461727.2060266202 0.9994555580
2461727.2061863425 0.9998604492
2461727.2063460648 1.0011478723
2461727.2065057871 1.0008568429
2461727.2066655094 1.0003348018
2461727.2068252312 0.9995131310
2461727.2069849540 1.0002474326
2461727.2071446758 0.9995862176
2461727.2073043981 0.9984239244
2461727.2074641204 1.0009966548
2461727.2076238426 0.9997625098
2461727.2077835649 1.0000377477
2461727.2079432867 1.0007308208
2461727.2081030095 1.0004889628
2461727.2082627313 0.9999858254
2461727.2084224536 0.9998651535
2461727.2085821759 1.0005639734
2461727.2087418982 1.0003833739
2461727.2089016205 1.0001279501
2461727.2090613428 1.0000500908
2461727.2092210650 1.0001766845
2461727.2093807869 0.9997895405
2461727.2095405092 0.9991595594
2461727.2097002314 1.0005625319
2461727.2098599537 1.0004856073
2461727.2100196760 1.0004914010
2461727.2101793983 0.9994880161
2461727.2103391206 0.9985185617
2461727.2104988424 1.0001334163
2461727.2106585647 1.0005739558
2461727.2108182870 0.9990383471
2461727.2109780093 0.9999175781
2461727.2111377316 1.0002561456
2461727.2112974538 0.9998927793
2461727.2114571761 0.9996062395
2461727.2116168980 0.9986998577
2461727.2117766202 0.9994000128
2461727.2119363425 0.9991724253
2461727.2120960648 0.9991496863
2461727.2122557871 0.9991837799
2461727.2124155094 0.9994552376
2461727.2125752317 0.9993320729
2461727.2127349535 0.9993118271
2461727.2128946758 0.9999331116
2461727.2130543981 1.0001515962
2461727.2132141204 0.9996068976
2461727.2133738426 1.0003981256
2461727.2135335649 0.9987879468
2461727.2136932872 0.9987649664
2461727.2138530090 1.0012487238
2461727.2140127313 1.0006062630
2461727.2141724536 0.9991024508
2461727.2143321759 1.0004201211
2461727.2144918982 0.9998894644
2461727.2146516205 0.9995070178
2461727.2148113428 0.9998550044
2461727.2149710646 0.9994893885
2461727.2151307869 1.0005396911
2461727.2152905092 0.9998726650
2461727.2154502315 0.9997814307
2461727.2156099537 1.0003546722
2461727.2157696760 0.9995564004
2461727.2159293983 0.9990123557
2461727.2160891201 1.0009960239
2461727.2162488424 0.9995690836
2461727.2164085647 0.9990428983
2461727.2165682870 1.0008107159
2461727.2167280093 0.9993932241
2461727.2168877316 1.0001652852
2461727.2170474539 0.9999537620
2461727.2172071757 0.9994934242
2461727.2173668980 1.0004775907
2461727.2175266203 0.9996201013
2461727.2176863425 0.9983609123
2461727.2178460648 0.9991113413
2461727.2180057871 1.0000615185
2461727.2181655094 1.0001903512
2461727.2183252312 0.9998843725
2461727.2184849540 0.9999916038
2461727.2186446758 0.9982435186
2461727.2188043981 1.0000589070
2461727.2189641204 1.0010477872
2461727.2191238427 0.9988447560
2461727.2192835649 0.9990172533
2461727.2194432868 0.9988966589
2461727.2196030095 1.0009798072
2461727.2197627313 1.0007410594
2461727.2199224536 0.9995065850
2461727.2200821759 0.9991235409
2461727.2202418982 1.0011186444
2461727.2204016205 0.9997400059
2461727.2205613423 1.0010403113
2461727.2207210651 0.9986832941
2461727.2208807869 0.9997551148
2461727.2210405092 1.0003698580
2461727.2212002315 1.0005244714
2461727.2213599537 0.9990757292
2461727.2215196760 0.9991713452
2461727.2216793979 1.0014192533
2461727.2218391206 1.0002633034
2461727.2219988424 0.9994373476
2461727.2221585647 0.9991929047
2461727.2223182870 1.0011722797
2461727.2224780093 1.0003467477
2461727.2226377316 1.0009359152
2461727.2227974539 1.0007917940
2461727.2229571762 0.9996638416
2461727.2231168980 1.0002046528
2461727.2232766203 0.9999112808
2461727.2234363426 0.9996371151
2461727.2235960648 0.9995118733
2461727.2237557871 0.9998582254
2461727.2239155094 0.9996268526
2461727.2240752317 0.9998358999
2461727.2242349535 1.0009255239
2461727.2243946758 0.9995245910
2461727.2245543981 0.9999801796
2461727.2247141204 1.0009389672
2461727.2248738427 0.9982011156
2461727.2250335650 1.0008733074
2461727.2251932872 1.0002927437
2461727.2253530091 1.0001774007
2461727.2255127314 1.0001080840
2461727.2256724536 0.9996419546
2461727.2258321759 1.0004904364
2461727.2259918982 0.9995567425
2461727.2261516205 0.9993963151
2461727.2263113428 0.9995230255
2461727.2264710646 1.0003823948
2461727.2266307869 1.0001558732
2461727.2267905092 1.0003058116
2461727.2269502315 0.9997274888
2461727.2271099538 1.0008037239
2461727.2272696760 0.9998331157
2461727.2274293983 1.0005107877
2461727.2275891202 1.0000391576
2461727.2277488424 0.9994603606
2461727.2279085647 1.0006910736
2461727.2280682870 1.0010842294
2461727.2282280093 0.9999584674
2461727.2283877316 1.0000800539
2461727.2285474539 1.0000621481
2461727.2287071757 0.9998457153
2461727.2288668980 1.0013402349
2461727.2290266203 1.0000008656
2461727.2291863426 1.0004624206
2461727.2293460649 1.0004878509
2461727.2295057871 0.9998031178
2461727.2296655094 0.9996110561
2461727.2298252312 1.0010214584
2461727.2299849535 0.9995162894
2461727.2301446758 0.9995926393
2461727.2303043981 0.9990591486
2461727.2304641204 0.9989086168
2461727.2306238427 1.0010501300
2461727.2307835650 0.9996149018
2461727.2309432868 0.9998671391
2461727.2311030091 0.9990247997
2461727.2312627314 0.9992449845
2461727.2314224537 0.9999027079
2461727.2315821759 1.0000872978
2461727.2317418982 0.9988751170
2461727.2319016205 0.9998619834
2461727.2320613423 1.0000641105
2461727.2322210651 0.9994921172
2461727.2323807869 0.9995090816
2461727.2325405092 0.9993619580
2461727.2327002315 1.0005429741
2461727.2328599538 0.9993588915
2461727.2330196761 0.9993962465
2461727.2331793979 1.0001759026
2461727.2333391206 0.9995451239
2461727.2334988425 1.0005452651
2461727.2336585647 0.9999049012
2461727.2338182870 1.0015036174
2461727.2339780093 1.0004002174
2461727.2341377316 0.9991621245
2461727.2342974534 0.9998886835
2461727.2344571762 0.9999778083
2461727.2346168980 1.0009110809
2461727.2347766203 0.9997862871
2461727.2349363426 0.9991331022
2461727.2350960649 1.0001666488
2461727.2352557871 0.9989740018
2461727.2354155090 1.0012221834
2461727.2355752317 1.0007437342
2461727.2357349535 1.0003196688
2461727.2358946758 1.0008544498
2461727.2360543981 0.9994837466
2461727.2362141204 1.0009788473
2461727.2363738427 1.0012721978
2461727.2365335650 0.9996807896
2461727.2366932873 0.9985714963
2461727.2368530091 1.0006947460
2461727.2370127314 0.9996964681
2461727.2371724537 0.9998459460
2461727.2373321760 1.0006150999
2461727.2374918982 1.0003013317
2461727.2376516205 1.0009787089
2461727.2378113428 1.0006340398
2461727.2379710646 1.0010151575
2461727.2381307869 1.0003063554
2461727.2382905092 0.9996003840
2461727.2384502315 1.0008576894
2461727.2386099538 1.0002152445
2461727.2387696761 0.9986919072
2461727.2389293984 1.0000061792
2461727.2390891202 1.0001757424
2461727.2392488425 1.0002790162
2461727.2394085648 0.9994437728
2461727.2395682870 0.9996279448
2461727.2397280093 0.9997790771
2461727.2398877316 0.9996515096
2461727.2400474539 0.9999227272
2461727.2402071757 1.0003026577
2461727.2403668980 1.0006533631
2461727.2405266203 0.9991654241
2461727.2406863426 1.0007039806
2461727.2408460649 0.9999833538
2461727.2410057872 1.0002593910
2461727.2411655094 0.9994702100
2461727.2413252313 1.0006382014
2461727.2414849536 0.9999716958
2461727.2416446758 1.0002442853
2461727.2418043981 1.0001228058
2461727.2419641204 0.9996468406
2461727.2421238427 0.9992581790
2461727.2422835650 0.9995300816
2461727.2424432868 0.9997386704
2461727.2426030091 1.0006986585
2461727.2427627314 0.9998277155
2461727.2429224537 0.9994963171
2461727.2430821760 1.0005858321
2461727.2432418982 1.0009682407
2461727.2434016205 1.0007726925
2461727.2435613424 0.9994328764
2461727.2437210646 1.0004396108
2461727.2438807869 0.9987535442
2461727.2440405092 1.0006374263
2461727.2442002315 1.0005614293
2461727.2443599538 1.0001914477
2461727.2445196761 1.0006642677
2461727.2446793979 0.9997342031
2461727.2448391202 0.9997242011
2461727.2449988425 1.0006065868
2461727.2451585648 0.9994900681
2461727.2453182871 1.0007718377
2461727.2454780093 1.0000418359
2461727.2456377316 1.0001071312
2461727.2457974534 0.9998049875
2461727.2459571757 0.9998113370
2461727.2461168980 0.9996808807
2461727.2462766203 1.0011947182
2461727.2464363426 1.0004782145
2461727.2465960649 1.0008084267
2461727.2467557872 0.9998662015
2461727.2469155090 0.9997068167
2461727.2470752317 1.0005735894
2461727.2472349536 1.0002596348
2461727.2473946759 1.0008006396
2461727.2475543981 0.9981810591
2461727.2477141204 1.0007010549
2461727.2478738427 0.9994964196
2461727.2480335645 0.9998126433
2461727.2481932873 0.9995849346
2461727.2483530091 0.9994594211
2461727.2485127314 0.9989370097
2461727.2486724537 0.9999263359
2461727.2488321760 1.0009389091
2461727.2489918983 1.0006933403
2461727.2491516201 0.9988700889
2461727.2493113428 1.0005007029
2461727.2494710647 1.0005597054
2461727.2496307869 1.0002782502
2461727.2497905092 1.0000810912
2461727.2499502315 0.9991324661
2461727.2501099538 1.0000623630
2461727.2502696761 0.9997929843
2461727.2504293984 1.0008154028
2461727.2505891202 1.0002764400
2461727.2507488425 1.0002154701
2461727.2509085648 0.9991790495
2461727.2510682871 0.9993629560
2461727.2512280094 0.9997876667
2461727.2513877316 1.0006404021
2461727.2515474539 1.0005481523
2461727.2517071757 1.0000017678
2461727.2518668980 0.9998106956
2461727.2520266203 0.9992056664
2461727.2521863426 0.9994721672
2461727.2523460649 0.9995042856
2461727.2525057872 1.0002498444
2461727.2526655095 1.0003782653
2461727.2528252313 0.9988472701
2461727.2529849536 0.9994423996
2461727.2531446759 1.0004754666
2461727.2533043982 1.0000337391
2461727.2534641204 0.9995749313
2461727.2536238427 0.9997806787
2461727.2537835650 0.9991642855
2461727.2539432868 0.9994443360
2461727.2541030091 1.0001390005
2461727.2542627314 0.9989904666
2461727.2544224537 0.9992995770
2461727.2545821760 0.9995889861
2461727.2547418983 0.9993246374
2461727.2549016206 1.0015169045
2461727.2550613424 0.9994124152
2461727.2552210647 0.9993954140
2461727.2553807870 0.9991982236
2461727.2555405092 1.0003394432
2461727.2557002315 0.9989273127
2461727.2558599538 1.0001388245
2461727.2560196761 0.9998287093
2461727.2561793979 1.0005429080
2461727.2563391202 1.0008836019
2461727.2564988425 1.0007488091
2461727.2566585648 1.0006123298
2461727.2568182871 1.0007202559
2461727.2569780094 0.9993074063
2461727.2571377316 0.9995651021
2461727.2572974535 0.9999675077
2461727.2574571758 0.9989679265
2461727.2576168980 1.0005418919
2461727.2577766203 1.0000789810
2461727.2579363426 1.0002490657
2461727.2580960649 0.9999581529
2461727.2582557872 1.0011492065
2461727.2584155090 0.9989338745
2461727.2585752313 0.9996376447
2461727.2587349536 1.0003910439
2461727.2588946759 0.9998605047
2461727.2590543982 0.9998410144
2461727.2592141205 1.0012042773
2461727.2593738427 1.0000936554
2461727.2595335646 0.9992424918
2461727.2596932868 0.9996545276
2461727.2598530091 0.9998322428
2461727.2600127314 0.9997726664
2461727.2601724537 1.0009028055
2461727.2603321760 1.0004505091
2461727.2604918983 1.0000624123
2461727.2606516201 0.9993045788
2461727.2608113429 0.9994347463
2461727.2609710647 1.0000354474
2461727.2611307870 0.9996451320
2461727.2612905093 0.9999795808
2461727.2614502315 1.0001501640
2461727.2616099538 0.9996558028
2461727.2617696756 1.0014332137
2461727.2619293984 1.0002553746
2461727.2620891202 1.0003324907
2461727.2622488425 1.0008805385
2461727.2624085648 0.9995469002
2461727.2625682871 1.0000210726
2461727.2627280094 1.0005188838
2461727.2628877312 0.9998417578
2461727.2630474539 0.9993973389
2461727.2632071758 1.0002853776
2461727.2633668981 0.9998292563
2461727.2635266203 1.0008788105
2461727.2636863426 0.9998926865
2461727.2638460649 0.9993631384
2461727.2640057872 1.0000664433
2461727.2641655095 0.9998531728
2461727.2643252313 0.9996718537
2461727.2644849536 1.0012597031
2461727.2646446759 1.0000916243
2461727.2648043982 0.9994756393
2461727.2649641205 0.9989891332
2461727.2651238427 1.0004252270
2461727.2652835650 0.9994913777
2461727.2654432869 0.9994615226
2461727.2656030091 1.0014865516
2461727.2657627314 1.0000139963
2461727.2659224537 0.9994207038
2461727.2660821760 1.0009373049
2461727.2662418983 0.9991942598
2461727.2664016206 1.0007298548
2461727.2665613424 1.0003040288
2461727.2667210647 1.0007490312
2461727.2668807870 1.0003323349
2461727.2670405093 1.0012529422
2461727.2672002316 0.9997714734
2461727.2673599538 1.0007993555
2461727.2675196761 0.9990255448
2461727.2676793979 1.0001047569
2461727.2678391202 1.0016957555
2461727.2679988425 0.9994331651
2461727.2681585648 1.0000953299
2461727.2683182871 0.9996701274
2461727.2684780094 1.0012886970
2461727.2686377317 0.9996471486
2461727.2687974535 1.0004211735
2461727.2689571758 0.9987675840
2461727.2691168981 1.0006836672
2461727.2692766204 1.0004852475
2461727.2694363426 1.0007789231
2461727.2695960649 0.9997093634
2461727.2697557872 0.9989212859
2461727.2699155090 1.0009297403
2461727.2700752313 1.0002042430
2461727.2702349536 1.0003794233
2461727.2703946759 1.0000138943
2461727.2705543982 1.0004901490
2461727.2707141205 1.0008134133
2461727.2708738428 0.9990814512
2461727.2710335646 0.9997574860
2461727.2711932869 1.0007133947
2461727.2713530092 1.0003721294
2461727.2715127314 0.9997870868
2461727.2716724537 1.0011244282
2461727.2718321760 1.0000083061
2461727.2719918983 0.9994544396
2461727.2721516201 0.9993448730
2461727.2723113424 1.0011102681
2461727.2724710647 0.9992171083
2461727.2726307870 0.9995334264
2461727.2727905093 0.9991917826
2461727.2729502316 1.0009965140
2461727.2731099539 1.0001924205
2461727.2732696757 0.9991177835
2461727.2734293980 1.0000867287
2461727.2735891202 1.0002510032
2461727.2737488425 1.0000160342
2461727.2739085648 0.9987633765
2461727.2740682871 0.9991032076
2461727.2742280094 0.9998870069
2461727.2743877312 0.9989506347
2461727.2745474540 1.0002600823
2461727.2747071758 0.9995515805
2461727.2748668981 1.0010796505
2461727.2750266204 1.0002839074
2461727.2751863427 1.0002225849
2461727.2753460649 0.9989456245
2461727.2755057868 1.0002783943
2461727.2756655095 1.0001668734
2461727.2758252313 1.0001197135
2461727.2759849536 1.0002252649
2461727.2761446759 1.0002362050
2461727.2763043982 0.9997342137
2461727.2764641205 0.9985440952
2461727.2766238423 0.9992943111
2461727.2767835651 1.0014778369
2461727.2769432869 0.9995894056
2461727.2771030092 1.0001031158
2461727.2772627315 1.0002039595
2461727.2774224537 1.0001386239
2461727.2775821760 0.9994327611
2461727.2777418983 0.9995348523
2461727.2779016206 0.9993268852
2461727.2780613424 0.9990968366
2461727.2782210647 0.9996974792
2461727.2783807870 1.0006818435
2461727.2785405093 0.9995943177
2461727.2787002316 1.0004941496
2461727.2788599539 0.9989274828
2461727.2790196761 0.9999945821
2461727.2791793980 1.0007210872
2461727.2793391203 0.9997176249
2461727.2794988425 0.9993062057
2461727.2796585648 0.9991018193
2461727.2798182871 1.0003225550
2461727.2799780094 1.0004618018
2461727.2801377317 0.9988320250
2461727.2802974535 1.0006824405
2461727.2804571758 1.0000891772
2461727.2806168981 1.0007705290
2461727.2807766204 0.9992273093
2461727.2809363427 1.0005501679
2461727.2810960650 0.9994186434
2461727.2812557872 1.0010608855
2461727.2814155091 0.9994929028
2461727.2815752313 1.0000853782
2461727.2817349536 1.0000697751
2461727.2818946759 0.9997135788
2461727.2820543982 0.9999728561
2461727.2822141205 0.9998708141
2461727.2823738428 0.9999882199
2461727.2825335646 0.9996666608
2461727.2826932869 0.9995601283
2461727.2828530092 1.0000233674
2461727.2830127315 1.0003714816
2461727.2831724538 1.0007526720
2461727.2833321760 1.0003212037
2461727.2834918983 1.0007479481
2461727.2836516201 1.0001568474
2461727.2838113424 0.9998659525
2461727.2839710647 0.9988817548
2461727.2841307870 0.9998174451
2461727.2842905093 1.0002795760
2461727.2844502316 1.0003632138
2461727.2846099539 1.0005438360
2461727.2847696757 0.9998544227
2461727.2849293980 1.0014815686
2461727.2850891203 1.0003690494
2461727.2852488426 0.9990781809
2461727.2854085648 1.0002461994
2461727.2855682871 0.9987590174
2461727.2857280094 1.0002402459
2461727.2858877312 0.9982915174
2461727.2860474535 1.0002100901
2461727.2862071758 1.0026067617
2461727.2863668981 0.9992605600
2461727.2865266204 0.9990769801
2461727.2866863427 1.0007023109
2461727.2868460650 0.9988120714
2461727.2870057868 0.9987580158
2461727.2871655091 0.9997539902
2461727.2873252314 0.9994577194
2461727.2874849536 1.0009361418
2461727.2876446759 1.0001539209
2461727.2878043982 1.0013414261
2461727.2879641205 1.0000929186
2461727.2881238423 0.9994607503
2461727.2882835651 0.9997011315
2461727.2884432869 0.9991946447
2461727.2886030092 0.9997775755
2461727.2887627315 1.0007347471
2461727.2889224538 0.9996741250
2461727.2890821761 0.9996451064
2461727.2892418979 1.0003748286
2461727.2894016206 1.0002304930
2461727.2895613424 0.9995802465
2461727.2897210647 1.0008479333
2461727.2898807870 1.0015352948
2461727.2900405093 1.0000978439
2461727.2902002316 0.9991764804
2461727.2903599534 1.0001633198
2461727.2905196762 0.9992378200
2461727.2906793980 1.0006892500
2461727.2908391203 0.9993514553
2461727.2909988426 1.0003749207
2461727.2911585649 1.0004172649
2461727.2913182871 1.0001355229
2461727.2914780094 0.9991917833
2461727.2916377317 0.9995743869
2461727.2917974535 1.0015112783
2461727.2919571758 1.0012912237
2461727.2921168981 1.0002878616
2461727.2922766204 1.0010908869
2461727.2924363427 0.9990611597
2461727.2925960650 1.0001728036
2461727.2927557873 0.9988866636
2461727.2929155091 1.0001320964
2461727.2930752314 0.9992438771
2461727.2932349537 0.9988747977
2461727.2933946759 0.9994945930
2461727.2935543982 0.9995547485
2461727.2937141205 0.9993529544
2461727.2938738428 0.9998673730
2461727.2940335646 0.9998006867
2461727.2941932869 0.9991648181
2461727.2943530092 1.0014206078
2461727.2945127315 1.0016527595
2461727.2946724538 0.9992276488
2461727.2948321761 1.0001996919
2461727.2949918984 0.9990887853
2461727.2951516202 0.9991857271
2461727.2953113425 0.9996400129
2461727.2954710647 0.9995014091
2461727.2956307870 0.9993020169
2461727.2957905093 0.9991087503
2461727.2959502316 1.0006518202
2461727.2961099539 1.0008427943
2461727.2962696757 1.0004589634
2461727.2964293980 1.0009808492
2461727.2965891203 1.0000008143
2461727.2967488426 1.0011374520
2461727.2969085649 0.9992741779
2461727.2970682872 1.0010873821
2461727.2972280094 0.9988775268
2461727.2973877313 1.0006974720
2461727.2975474535 0.9998177759
2461727.2977071758 1.0006982767
2461727.2978668981 0.9991150487
2461727.2980266204 0.9994762526
2461727.2981863427 1.0004655793
2461727.2983460650 1.0014841475
2461727.2985057868 0.9999795623
2461727.2986655091 1.0005881002
2461727.2988252314 0.9998810660
2461727.2989849537 0.9988128260
2461727.2991446760 1.0001859831
2461727.2993043982 1.0013838314
2461727.2994641205 0.9996874264
2461727.2996238424 0.9994742215
2461727.2997835646 1.0005325377
2461727.2999432869 0.9998917997
2461727.3001030092 1.0003834889
2461727.3002627315 1.0010378284
2461727.3004224538 0.9996467675
2461727.3005821761 0.9997397873
2461727.3007418979 1.0013701844
2461727.3009016202 1.0003777430
2461727.3010613425 0.9992266227
2461727.3012210648 1.0001824671
2461727.3013807870 0.9986550064
2461727.3015405093 1.0003184369
2461727.3017002316 0.9989852733
2461727.3018599534 0.9996151942
2461727.3020196762 0.9992253890
2461727.3021793980 0.9997562238
2461727.3023391203 1.0000016806
2461727.3024988426 0.9994740579
2461727.3026585649 1.0001539338
2461727.3028182872 0.9997089050
2461727.3029780090 0.9985162359
2461727.3031377317 1.0004093529
2461727.3032974536 0.9996378032
2461727.3034571758 1.0018432438
2461727.3036168981 0.9997328852
2461727.3037766204 0.9997097300
2461727.3039363427 1.0000791787
2461727.3040960645 1.0002288974
2461727.3042557873 1.0001121872
2461727.3044155091 1.0014389489
2461727.3045752314 1.0005896698
2461727.3047349537 1.0004714317
2461727.3048946760 1.0004138401
2461727.3050543983 0.9997353497
2461727.3052141205 1.0004087464
2461727.3053738428 0.9997508646
2461727.3055335646 0.9999253766
2461727.3056932869 1.0009148598
2461727.3058530092 1.0008804550
2461727.3060127315 1.0007949404
2461727.3061724538 0.9995529722
2461727.3063321761 0.9995800738
2461727.3064918984 1.0004497460
2461727.3066516202 0.9991592460
2461727.3068113425 1.0000982857
2461727.3069710648 1.0001324534
2461727.3071307871 1.0003947582
2461727.3072905093 1.0015918392
2461727.3074502316 0.9984601724
2461727.3076099539 1.0004336560
2461727.3077696757 0.9995800915
2461727.3079293980 1.0002475440
2461727.3080891203 0.9996207989
2461727.3082488426 1.0006302001
2461727.3084085649 0.9997191908
2461727.3085682872 0.9984731439
2461727.3087280095 0.9998672560
2461727.3088877313 0.9991671070
2461727.3090474536 0.9998446081
2461727.3092071759 0.9991515468
2461727.3093668981 1.0000609264
2461727.3095266204 0.9998449355
2461727.3096863427 1.0003928829
2461727.3098460650 1.0000620747
2461727.3100057868 0.9993609128
2461727.3101655091 1.0006048577
2461727.3103252314 1.0000212654
2461727.3104849537 1.0002385142
2461727.3106446760 1.0001059154
2461727.3108043983 0.9991734831
2461727.3109641206 1.0002450189
2461727.3111238424 1.0008396714
2461727.3112835647 0.9999932848
2461727.3114432869 1.0001114167
2461727.3116030092 1.0009758912
2461727.3117627315 0.9997499282
2461727.3119224538 0.9996968189
2461727.3120821761 1.0000388724
2461727.3122418979 1.0012819680
2461727.3124016202 0.9995491064
2461727.3125613425 1.0002461354
2461727.3127210648 0.9997917993
2461727.3128807871 1.0006947473
2461727.3130405094 0.9996296647
2461727.3132002316 1.0000345597
2461727.3133599535 1.0007187864
2461727.3135196758 1.0001361525
2461727.3136793980 0.9997214530
2461727.3138391203 0.9993042823
2461727.3139988426 0.9992131336
2461727.3141585649 1.0014877963
2461727.3143182872 1.0004081296
2461727.3144780090 0.9998238315
2461727.3146377313 0.9996114192
2461727.3147974536 1.0000815475
2461727.3149571759 0.9999044614
2461727.3151168982 1.0010332558
2461727.3152766204 1.0003770787
2461727.3154363427 0.9991834774
2461727.3155960646 1.0005182519
2461727.3157557873 0.9985148390
2461727.3159155091 1.0016943539
2461727.3160752314 0.9997467802
2461727.3162349537 0.9992417048
2461727.3163946760 0.9998747927
2461727.3165543983 1.0009794555
2461727.3167141201 0.9988504803
2461727.3168738429 1.0008457281
2461727.3170335647 1.0002701675
2461727.3171932870 0.9988611880
2461727.3173530092 0.9991878041
2461727.3175127315 0.9996078751
2461727.3176724538 1.0005012143
2461727.3178321756 1.0005388505
2461727.3179918984 0.9995548020
2461727.3181516202 1.0002489547
2461727.3183113425 1.0002291779
2461727.3184710648 1.0003476038
2461727.3186307871 0.9987443842
2461727.3187905094 1.0004979965
2461727.3189502317 1.0000403790
2461727.3191099539 0.9988953079
2461727.3192696758 0.9990075796
2461727.3194293980 1.0011862575
2461727.3195891203 0.9996325389
2461727.3197488426 0.9987130224
2461727.3199085649 1.0012174625
2461727.3200682872 0.9994813113
2461727.3202280095 1.0003636854
2461727.3203877313 0.9998574185
2461727.3205474536 0.9988739441
2461727.3207071759 1.0000123530
2461727.3208668982 0.9999323540
2461727.3210266205 1.0003025627
2461727.3211863427 1.0002028698
2461727.3213460650 1.0008167853
2461727.3215057869 0.9994323056
2461727.3216655091 0.9992903942
2461727.3218252314 0.9988489108
2461727.3219849537 1.0003236336
2461727.3221446760 1.0003618873
2461727.3223043983 0.9993444861
2461727.3224641206 1.0005363406
2461727.3226238424 0.9998364177
2461727.3227835647 0.9998052916
2461727.3229432870 1.0005369416
2461727.3231030093 1.0010473251
2461727.3232627315 1.0018859459
2461727.3234224538 1.0007736967
2461727.3235821761 0.9986288024
2461727.3237418979 0.9988883921
2461727.3239016202 1.0016188741
2461727.3240613425 0.9996386322
2461727.3242210648 1.0014603317
2461727.3243807871 0.9990505891
2461727.3245405094 0.9994763572
2461727.3247002317 1.0001834318
2461727.3248599535 1.0015005800
2461727.3250196758 0.9983944047
2461727.3251793981 0.9991380862
2461727.3253391203 1.0003028968
2461727.3254988426 1.0008200751
2461727.3256585649 1.0000990935
2461727.3258182872 0.9995877318
2461727.3259780090 1.0013949266
2461727.3261377313 0.9994979078
2461727.3262974536 0.9993719472
2461727.3264571759 1.0008837685
2461727.3266168982 0.9989209695
2461727.3267766205 1.0000426700
2461727.3269363428 0.9997960210
2461727.3270960646 1.0002525570
2461727.3272557869 1.0000422042
2461727.3274155091 0.9996561313
2461727.3275752314 0.9983766088
2461727.3277349537 1.0003228104
2461727.3278946760 1.0000551998
2461727.3280543983 1.0003409417
2461727.3282141201 0.9995971561
2461727.3283738424 0.9985608978
2461727.3285335647 1.0006192275
2461727.3286932870 0.9999045384
2461727.3288530093 1.0000197622
2461727.3290127316 1.0004207430
2461727.3291724538 1.0001457730
2461727.3293321757 0.9995707322
2461727.3294918984 1.0000427224
2461727.3296516202 0.9993407999
2461727.3298113425 1.0007441187
2461727.3299710648 1.0009683817
2461727.3301307871 1.0010380178
2461727.3302905094 0.9999607774
2461727.3304502312 1.0010673328
2461727.3306099540 1.0004288838
2461727.3307696758 1.0007499691
2461727.3309293981 0.9996258764
2461727.3310891204 0.9988710454
2461727.3312488426 0.9988777092
2461727.3314085649 0.9991263002
2461727.3315682868 1.0007587337
2461727.3317280095 0.9992518034
2461727.3318877313 1.0008318416
2461727.3320474536 1.0007563600
2461727.3322071759 1.0002387090
2461727.3323668982 1.0006987433
2461727.3325266205 1.0000196486
2461727.3326863428 1.0009404712
2461727.3328460651 1.0000772336
2461727.3330057869 1.0007081649
2461727.3331655092 1.0003662254
2461727.3333252314 1.0009120705
2461727.3334849537 1.0002698612
2461727.3336446760 0.9994500262
2461727.3338043983 0.9999698652
2461727.3339641206 1.0005146516
2461727.3341238424 1.0000255463
2461727.3342835647 1.0015157916
2461727.3344432870 1.0001820714
2461727.3346030093 1.0008922779
2461727.3347627316 1.0014167776
2461727.3349224539 1.0000067716
2461727.3350821761 1.0010146850
2461727.3352418980 0.9998532368
2461727.3354016203 1.0001579940
2461727.3355613425 0.9991389752
2461727.3357210648 1.0010239585
2461727.3358807871 0.9981005285
2461727.3360405094 1.0007536104
2461727.3362002317 0.9990797085
2461727.3363599535 0.9992539540
2461727.3365196758 1.0003751249
2461727.3366793981 0.9989153919
2461727.3368391204 1.0014604091
2461727.3369988427 1.0000559539
2461727.3371585649 0.9999046783
2461727.3373182872 1.0001383574
2461727.3374780091 0.9997504156
2461727.3376377313 1.0013579997
2461727.3377974536 0.9994979299
2461727.3379571759 0.9995225537
2461727.3381168982 1.0016726950
2461727.3382766205 0.9996763812
2461727.3384363428 0.9996506759
2461727.3385960646 0.9992785752
2461727.3387557869 0.9986473352
2461727.3389155092 1.0002543914
2461727.3390752315 1.0003095396
2461727.3392349537 1.0004321583
2461727.3393946760 0.9996673258
2461727.3395543983 0.9993880703
2461727.3397141201 1.0002716112
2461727.3398738424 1.0002305750
2461727.3400335647 0.9986551598
2461727.3401932870 0.9995933426
2461727.3403530093 1.0004785007
2461727.3405127316 0.9998665573
2461727.3406724539 1.0002358296
2461727.3408321757 0.9993071004
2461727.3409918980 0.9997863847
2461727.3411516203 0.9987996479
2461727.3413113425 0.9988891732
2461727.3414710648 1.0003358457
2461727.3416307871 1.0008706493
2461727.3417905094 0.9993759569
2461727.3419502312 0.9998831593
2461727.3421099535 0.9989112625
2461727.3422696758 1.0001600230
2461727.3424293981 1.0004115558
2461727.3425891204 1.0014265100
2461727.3427488427 1.0003174412
2461727.3429085650 1.0003113070
2461727.3430682868 1.0004018268
2461727.3432280095 1.0003277996
2461727.3433877314 0.9999949947
2461727.3435474536 1.0001692208
2461727.3437071759 1.0002693100
2461727.3438668982 1.0005216549
2461727.3440266205 0.9992926416
2461727.3441863423 0.9990634221
2461727.3443460651 1.0002308808
2461727.3445057869 0.9989528154
2461727.3446655092 0.9997372177
2461727.3448252315 1.0008262486
2461727.3449849538 1.0000147092
2461727.3451446760 1.0012011729
2461727.3453043979 0.9998991396
2461727.3454641206 0.9992300185
2461727.3456238424 0.9991507772
2461727.3457835647 1.0011327443
2461727.3459432870 0.9996045159
2461727.3461030093 1.0000119648
2461727.3462627316 0.9996753771
2461727.3464224534 0.9997971543
2461727.3465821762 0.9996033947
2461727.3467418980 0.9990909823
2461727.3469016203 1.0002813093
2461727.3470613426 1.0008376058
2461727.3472210648 1.0003643197
2461727.3473807871 1.0000474183
2461727.3475405094 1.0004816583
2461727.3477002317 1.0002770128
2461727.3478599535 0.9989633654
2461727.3480196758 0.9995967220
2461727.3481793981 0.9997170503
2461727.3483391204 1.0008101340
2461727.3484988427 1.0001772735
2461727.3486585650 1.0006244963
2461727.3488182873 0.9997880679
2461727.3489780091 1.0004983841
2461727.3491377314 1.0001568407
2461727.3492974536 1.0004623218
2461727.3494571759 1.0001111737
2461727.3496168982 0.9980428928
2461727.3497766205 0.9989941115
2461727.3499363428 1.0002589228
2461727.3500960646 0.9989337370
2461727.3502557869 0.9999660850
2461727.3504155092 0.9988476598
2461727.3505752315 1.0007653041
2461727.3507349538 1.0001142196
2461727.3508946761 1.0002558359
2461727.3510543983 0.9988772350
2461727.3512141202 1.0003159935
2461727.3513738425 0.9997279761
2461727.3515335647 1.0004574688
2461727.3516932870 0.9994805992
2461727.3518530093 1.0006571134
2461727.3520127316 0.9999225944
2461727.3521724539 1.0003280921
2461727.3523321757 1.0009017355
2461727.3524918980 0.9999732722
2461727.3526516203 1.0017301929
2461727.3528113426 0.9983414416
2461727.3529710649 0.9997312951
2461727.3531307871 1.0006356431
2461727.3532905094 1.0000313921
2461727.3534502313 0.9993327908
2461727.3536099535 0.9993897430
2461727.3537696758 1.0002652068
2461727.3539293981 0.9997822932
2461727.3540891204 1.0000382625
2461727.3542488427 0.9991396494
2461727.3544085650 0.9992449112
2461727.3545682868 0.9990955615
2461727.3547280091 1.0000413716
2461727.3548877314 1.0007383278
2461727.3550474537 0.9993467435
2461727.3552071759 1.0000306194
2461727.3553668982 1.0000708893
2461727.3555266205 0.9979829992
2461727.3556863423 1.0001680400
2461727.3558460646 1.0007420568
2461727.3560057869 1.0027573779
2461727.3561655092 1.0003547318
2461727.3563252315 1.0007130310
2461727.3564849538 1.0017399895
2461727.3566446761 0.9991610348
2461727.3568043979 1.0001699938
2461727.3569641206 1.0012232296
2461727.3571238425 1.0008508078
2461727.3572835648 1.0009653589
2461727.3574432870 1.0000011361
2461727.3576030093 1.0009889398
2461727.3577627316 0.9997914124
2461727.3579224534 1.0002830002
2461727.3580821762 0.9991057754
2461727.3582418980 0.9989792919
2461727.3584016203 1.0008580498
2461727.3585613426 0.9990423348
2461727.3587210649 1.0003092629
2461727.3588807872 1.0001557322
2461727.3590405090 0.9996686106
2461727.3592002317 1.0006668339
2461727.3593599536 0.9996786167
2461727.3595196758 1.0003007185
2461727.3596793981 0.9993444817
2461727.3598391204 1.0006303709
2461727.3599988427 0.9992042266
2461727.3601585645 0.9992648673
2461727.3603182873 1.0007450625
2461727.3604780091 1.0000659353
2461727.3606377314 0.9987073250
2461727.3607974537 0.9996329875
2461727.3609571760 1.0004153035
2461727.3611168982 1.0008421701
2461727.3612766205 1.0009073226
2461727.3614363428 0.9993257234
2461727.3615960646 1.0010869130
2461727.3617557869 0.9995286814
2461727.3619155092 0.9992068958
2461727.3620752315 0.9994992877
2461727.3622349538 0.9997806888
2461727.3623946761 1.0006610473
2461727.3625543984 1.0003856223
2461727.3627141202 0.9995107088
2461727.3628738425 0.9991737422
2461727.3630335648 1.0006568903
2461727.3631932870 0.9992434156
2461727.3633530093 0.9994956025
2461727.3635127316 1.0005143002
2461727.3636724539 0.9990897869
2461727.3638321757 1.0022272309
2461727.3639918980 1.0011529696
2461727.3641516203 0.9992100249
2461727.3643113426 0.9996545854
2461727.3644710649 1.0010849128
2461727.3646307872 1.0012945338
2461727.3647905095 0.9999351791
2461727.3649502313 0.9999528733
2461727.3651099536 1.0011014370
2461727.3652696759 0.9999391034
2461727.3654293981 0.9999707563
2461727.3655891204 0.9998873565
2461727.3657488427 1.0009646484
