2461256.9023983935 0.9960748514
2461256.9025581158 0.9967399178
2461256.9027178381 0.9963773787
2461256.9028775599 0.9966658800
2461256.9030372822 0.9963465800
2461256.9031970045 0.9978928558
2461256.9033567267 0.9972779193
2461256.9035164490 0.9976143590
2461256.9036761713 0.9967549979
2461256.9038358936 0.9975257056
2461256.9039956154 0.9974911626
2461256.9041553377 0.9964337758
2461256.9043150600 0.9972478730
2461256.9044747823 0.9968742497
2461256.9046345046 0.9957454633
2461256.9047942269 0.9985281231
2461256.9049539492 0.9972185091
2461256.9051136710 0.9989222021
2461256.9052733933 0.9960812832
2461256.9054331155 0.9991248755
2461256.9055928378 0.9994024353
2461256.9057525601 0.9970906257
2461256.9059122824 0.9983846557
2461256.9060720047 0.9984175422
2461256.9062317265 0.9983472949
2461256.9063914493 0.9976664267
2461256.9065511711 0.9984519250
2461256.9067108934 0.9988306886
2461256.9068706157 0.9972420916
2461256.9070303380 0.9974725514
2461256.9071900602 0.9964244506
2461256.9073497821 0.9976452868
2461256.9075095048 0.9975240029
2461256.9076692266 0.9984790279
2461256.9078289489 0.9982719095
2461256.9079886712 0.9971509695
2461256.9081483935 0.9978854414
2461256.9083081158 0.9969506679
2461256.9084678376 0.9990192950
2461256.9086275604 0.9984637607
2461256.9087872822 0.9988612182
2461256.9089470045 0.9985040833
2461256.9091067268 1.0001195478
2461256.9092664490 0.9994433248
2461256.9094261713 0.9992915130
2461256.9095858932 0.9985421454
2461256.9097456159 1.0002948249
2461256.9099053377 0.9989515526
2461256.9100650600 0.9991249441
2461256.9102247823 0.9992403652
2461256.9103845046 0.9992494533
2461256.9105442269 0.9981486493
2461256.9107039492 1.0001520116
2461256.9108636715 0.9992884094
2461256.9110233933 0.9986462517
2461256.9111831156 0.9982362834
2461256.9113428378 0.9989996802
2461256.9115025601 0.9984145154
2461256.9116622824 0.9997483223
2461256.9118220047 0.9989116968
2461256.9119817270 0.9989771203
2461256.9121414488 0.9993757843
2461256.9123011711 0.9986927146
2461256.9124608934 0.9990381983
2461256.9126206157 0.9974160183
2461256.9127803380 0.9981858858
2461256.9129400603 0.9992682309
2461256.9130997825 0.9996051210
2461256.9132595044 0.9987201235
2461256.9134192267 0.9999847206
2461256.9135789489 0.9989641940
2461256.9137386712 0.9987338115
2461256.9138983935 0.9990465546
2461256.9140581158 0.9992096531
2461256.9142178381 0.9990995298
2461256.9143775599 0.9987980957
2461256.9145372822 0.9985913230
2461256.9146970045 0.9993258666
2461256.9148567268 0.9987267175
2461256.9150164491 0.9996145511
2461256.9151761713 0.9984864237
2461256.9153358936 0.9987896152
2461256.9154956155 0.9992308631
2461256.9156553377 0.9994972639
2461256.9158150600 0.9990349891
2461256.9159747823 0.9980955747
2461256.9161345046 0.9990167989
2461256.9162942269 0.9994483550
2461256.9164539492 0.9995812218
2461256.9166136710 1.0001739822
2461256.9167733933 0.9990957416
2461256.9169331156 0.9986376326
2461256.9170928379 0.9995366454
2461256.9172525601 0.9984161852
2461256.9174122824 0.9992061586
2461256.9175720047 1.0008534172
2461256.9177317265 0.9993771143
2461256.9178914488 1.0008130194
2461256.9180511711 0.9995758791
2461256.9182108934 0.9986360787
2461256.9183706157 0.9977082261
2461256.9185303380 1.0003524026
2461256.9186900603 0.9984745017
2461256.9188497821 0.9987609986
2461256.9190095044 0.9992335868
2461256.9191692267 0.9991494004
2461256.9193289489 0.9999842212
2461256.9194886712 0.9973887430
2461256.9196483935 1.0005842016
2461256.9198081158 0.9993014053
2461256.9199678376 0.9995530170
2461256.9201275604 0.9982683704
2461256.9202872822 0.9995475739
2461256.9204470045 0.9990169447
2461256.9206067268 1.0008384772
2461256.9207664491 0.9991504881
2461256.9209261714 0.9998004763
2461256.9210858932 0.9988979194
2461256.9212456159 0.9999564500
2461256.9214053378 0.9984117309
2461256.9215650600 1.0001129331
2461256.9217247823 0.9997010867
2461256.9218845046 0.9996633074
2461256.9220442269 0.9992586749
2461256.9222039487 0.9996704613
2461256.9223636715 1.0004729052
2461256.9225233933 1.0007828759
2461256.9226831156 0.9989038875
2461256.9228428379 0.9997923884
2461256.9230025602 0.9992072119
2461256.9231622824 0.9999886073
2461256.9233220043 1.0002185976
2461256.9234817270 1.0011385407
2461256.9236414488 0.9990934989
2461256.9238011711 1.0003294919
2461256.9239608934 0.9992417456
2461256.9241206157 1.0006903206
2461256.9242803380 0.9992081317
2461256.9244400603 0.9999007422
2461256.9245997826 0.9992217279
2461256.9247595044 1.0002666301
2461256.9249192267 1.0002356139
2461256.9250789490 0.9998512493
2461256.9252386712 0.9981451589
2461256.9253983935 1.0004657436
2461256.9255581158 0.9994000162
2461256.9257178381 0.9989514342
2461256.9258775599 0.9983540706
2461256.9260372822 0.9998294722
2461256.9261970045 0.9990765142
2461256.9263567268 1.0021568718
2461256.9265164491 0.9996740395
2461256.9266761714 0.9990528691
2461256.9268358937 0.9998848666
2461256.9269956155 1.0003296349
2461256.9271553378 0.9997207802
2461256.9273150600 0.9992934957
2461256.9274747823 1.0001880122
2461256.9276345046 0.9997050772
2461256.9277942269 0.9992329982
2461256.9279539492 0.9999060238
2461256.9281136710 1.0009492676
2461256.9282733933 0.9995914418
2461256.9284331156 1.0000085227
2461256.9285928379 1.0001103851
2461256.9287525602 0.9997565451
2461256.9289122825 0.9999427592
2461256.9290720047 1.0002545322
2461256.9292317266 0.9993243941
2461256.9293914489 0.9993313472
2461256.9295511711 0.9987712410
2461256.9297108934 0.9991165392
2461256.9298706157 1.0007026675
2461256.9300303380 0.9997143018
2461256.9301900603 0.9994782919
2461256.9303497821 1.0012667486
2461256.9305095044 0.9996392660
2461256.9306692267 0.9993285873
2461256.9308289490 0.9987939594
2461256.9309886713 1.0005800723
2461256.9311483935 1.0001797873
2461256.9313081158 0.9986839823
2461256.9314678377 0.9997525547
2461256.9316275599 0.9993578941
2461256.9317872822 1.0000406009
2461256.9319470045 0.9997456326
2461256.9321067268 1.0001560607
2461256.9322664491 0.9999458871
2461256.9324261714 1.0000091095
2461256.9325858932 1.0002416557
2461256.9327456155 1.0006513620
2461256.9329053378 1.0007691707
2461256.9330650601 0.9999499487
2461256.9332247823 0.9996781195
2461256.9333845046 0.9985573228
2461256.9335442269 0.9996798077
2461256.9337039487 1.0000815384
2461256.9338636715 1.0005020698
2461256.9340233933 0.9993223719
2461256.9341831156 0.9998018836
2461256.9343428379 1.0000967692
2461256.9345025602 0.9993968006
2461256.9346622825 0.9988309679
2461256.9348220043 0.9995356562
2461256.9349817270 1.0001765892
2461256.9351414489 1.0005284677
2461256.9353011712 0.9991154657
2461256.9354608934 0.9997559416
2461256.9356206157 1.0008187824
2461256.9357803380 0.9998855115
2461256.9359400598 0.9994215329
2461256.9360997826 1.0010473747
2461256.9362595044 0.9998208976
2461256.9364192267 1.0002157023
2461256.9365789490 0.9994927557
2461256.9367386713 1.0003194289
2461256.9368983936 1.0000109159
2461256.9370581154 1.0003953425
2461256.9372178381 0.9995027542
2461256.9373775600 1.0008915879
2461256.9375372822 1.0007608366
2461256.9376970045 1.0002409888
2461256.9378567268 0.9994147187
2461256.9380164491 0.9999147998
2461256.9381761714 0.9992995764
2461256.9383358937 0.9994303008
2461256.9384956155 1.0006718850
2461256.9386553378 0.9995270088
2461256.9388150601 0.9993028824
2461256.9389747824 1.0003694556
2461256.9391345046 1.0009182538
2461256.9392942269 0.9990836651
2461256.9394539492 1.0001319944
2461256.9396136710 1.0002224818
2461256.9397733933 0.9996953581
2461256.9399331156 1.0004888735
2461256.9400928379 0.9999096534
2461256.9402525602 0.9995800633
2461256.9404122825 1.0004150548
2461256.9405720048 1.0000467591
2461256.9407317266 0.9995205085
2461256.9408914489 0.9998431489
2461256.9410511712 0.9996106006
2461256.9412108934 0.9995598241
2461256.9413706157 0.9995850917
2461256.9415303380 0.9992769958
2461256.9416900603 0.9988220828
2461256.9418497821 0.9990002068
2461256.9420095044 1.0001517962
2461256.9421692267 0.9999017168
2461256.9423289490 0.9997505895
2461256.9424886713 0.9997433538
2461256.9426483936 0.9995615392
2461256.9428081159 1.0000889803
2461256.9429678377 1.0002800914
2461256.9431275600 0.9984668110
2461256.9432872823 0.9996183941
2461256.9434470045 1.0001570401
2461256.9436067268 0.9990743663
2461256.9437664491 1.0007800783
2461256.9439261714 0.9998879113
2461256.9440858932 0.9996996896
2461256.9442456155 0.9993194010
2461256.9444053378 1.0002121138
2461256.9445650601 1.0005157692
2461256.9447247824 0.9988997738
2461256.9448845047 0.9995323300
2461256.9450442269 1.0008256145
2461256.9452039488 0.9995026876
2461256.9453636711 0.9994631803
2461256.9455233933 0.9999432188
2461256.9456831156 0.9999822744
2461256.9458428379 1.0002866257
2461256.9460025602 1.0001015757
2461256.9461622825 0.9997904190
2461256.9463220043 1.0002877549
2461256.9464817266 1.0000676475
2461256.9466414489 0.9998502069
2461256.9468011712 1.0002599312
2461256.9469608935 0.9997137714
2461256.9471206157 1.0000785090
2461256.9472803380 0.9996752742
2461256.9474400599 0.9999657534
2461256.9475997826 0.9999354796
2461256.9477595044 0.9987915476
2461256.9479192267 0.9996005847
2461256.9480789490 1.0008269315
2461256.9482386713 1.0002110322
2461256.9483983936 1.0003146084
2461256.9485581154 0.9998951960
2461256.9487178382 1.0008529195
2461256.9488775600 0.9999244478
2461256.9490372823 1.0003905597
2461256.9491970045 0.9995681468
2461256.9493567268 0.9982939503
2461256.9495164491 1.0000102188
2461256.9496761709 0.9994930385
2461256.9498358937 0.9991967915
2461256.9499956155 1.0001986465
2461256.9501553378 0.9992669419
2461256.9503150601 1.0005739427
2461256.9504747824 1.0002138420
2461256.9506345047 0.9998715132
2461256.9507942265 1.0002465207
2461256.9509539492 1.0002195303
2461256.9511136711 1.0005579660
2461256.9512733934 0.9997409910
2461256.9514331156 1.0006195924
2461256.9515928379 0.9999826975
2461256.9517525602 0.9999616063
2461256.9519122825 0.9995108609
2461256.9520720048 1.0007211215
2461256.9522317266 1.0014836022
2461256.9523914489 1.0008066885
2461256.9525511712 1.0004357279
2461256.9527108935 0.9986522505
2461256.9528706158 0.9994285426
2461256.9530303380 1.0003090413
2461256.9531900603 0.9999007227
2461256.9533497822 1.0003277369
2461256.9535095044 0.9989454736
2461256.9536692267 1.0007895050
2461256.9538289490 0.9999846418
2461256.9539886713 1.0005161866
2461256.9541483936 0.9991183083
2461256.9543081159 0.9998296999
2461256.9544678377 1.0006304813
2461256.9546275600 1.0000854799
2461256.9547872823 0.9991801833
2461256.9549470046 1.0009510321
2461256.9551067268 0.9988425266
2461256.9552664491 0.9993674556
2461256.9554261714 0.9996216505
2461256.9555858932 1.0005210194
2461256.9557456155 1.0008667777
2461256.9559053378 1.0012905666
2461256.9560650601 1.0000833546
2461256.9562247824 1.0000086231
2461256.9563845047 0.9991381810
2461256.9565442270 0.9993791940
2461256.9567039488 1.0007989051
2461256.9568636711 1.0008796324
2461256.9570233934 1.0009528214
2461256.9571831156 1.0011055675
2461256.9573428379 1.0009100517
2461256.9575025602 1.0000365446
2461256.9576622825 0.9990044415
2461256.9578220043 1.0000403682
2461256.9579817266 0.9997266582
2461256.9581414489 0.9993539452
2461256.9583011712 1.0006539765
2461256.9584608935 1.0000842201
2461256.9586206158 0.9996106336
2461256.9587803381 1.0008317670
2461256.9589400599 1.0002170943
2461256.9590997822 0.9991553766
2461256.9592595045 0.9995544351
2461256.9594192267 0.9992430370
2461256.9595789490 1.0002411090
2461256.9597386713 1.0001299036
2461256.9598983936 0.9982721009
2461256.9600581154 0.9998171594
2461256.9602178377 0.9993415533
2461256.9603775600 0.9999504758
2461256.9605372823 1.0010675858
2461256.9606970046 0.9995634992
2461256.9608567269 1.0000898707
2461256.9610164491 0.9991515605
2461256.9611761710 1.0000580646
2461256.9613358937 0.9991100131
2461256.9614956155 1.0000041956
2461256.9616553378 0.9995766781
2461256.9618150601 0.9991441008
2461256.9619747824 1.0003553733
2461256.9621345047 1.0003367377
2461256.9622942265 1.0007266780
2461256.9624539493 0.9999200058
2461256.9626136711 1.0000753292
2461256.9627733934 0.9997314035
2461256.9629331157 1.0000871210
2461256.9630928379 1.0009723864
2461256.9632525602 0.9999860736
2461256.9634122821 1.0012121120
2461256.9635720048 0.9992611957
2461256.9637317266 1.0000802707
2461256.9638914489 1.0007764644
2461256.9640511712 0.9999606633
2461256.9642108935 1.0011737972
2461256.9643706158 1.0003328341
2461256.9645303376 1.0010582903
2461256.9646900604 1.0001668544
2461256.9648497822 0.9991678876
2461256.9650095045 0.9998870216
2461256.9651692268 0.9992186756
2461256.9653289490 1.0002169352
2461256.9654886713 0.9997342728
2461256.9656483936 0.9990672030
2461256.9658081159 0.9999885017
2461256.9659678377 1.0003908628
2461256.9661275600 1.0011507154
2461256.9662872823 0.9997231469
2461256.9664470046 1.0004450286
2461256.9666067269 0.9987603754
2461256.9667664492 1.0002042742
2461256.9669261714 1.0000380592
2461256.9670858933 0.9980172945
2461256.9672456156 0.9998864883
2461256.9674053378 0.9985080362
2461256.9675650601 0.9992785090
2461256.9677247824 0.9992390794
2461256.9678845047 0.9999571990
2461256.9680442270 0.9986972201
2461256.9682039488 1.0002153086
2461256.9683636711 1.0001136072
2461256.9685233934 1.0005587690
2461256.9686831157 0.9993572110
2461256.9688428380 1.0002206695
2461256.9690025602 0.9997932886
2461256.9691622825 0.9977378781
2461256.9693220044 1.0002957673
2461256.9694817266 1.0013681813
2461256.9696414489 1.0002878712
2461256.9698011712 1.0006109844
2461256.9699608935 0.9992931223
2461256.9701206158 1.0004902642
2461256.9702803381 0.9994480364
2461256.9704400599 1.0005134641
2461256.9705997822 0.9992713425
2461256.9707595045 1.0000708143
2461256.9709192268 1.0006926058
2461256.9710789490 0.9991595685
2461256.9712386713 1.0003628495
2461256.9713983936 0.9995126339
2461256.9715581154 1.0010837948
2461256.9717178377 0.9996627737
2461256.9718775600 0.9995938964
2461256.9720372823 1.0007487756
2461256.9721970046 0.9994761077
2461256.9723567269 1.0010498388
2461256.9725164492 1.0017556812
2461256.9726761710 0.9992934353
2461256.9728358933 0.9998838053
2461256.9729956156 0.9989400189
2461256.9731553379 0.9991432243
2461256.9733150601 0.9993679459
2461256.9734747824 0.9993185451
2461256.9736345047 0.9985331099
2461256.9737942265 0.9991532777
2461256.9739539488 1.0009035942
2461256.9741136711 1.0009102022
2461256.9742733934 0.9989484019
2461256.9744331157 0.9994429366
2461256.9745928380 1.0000265130
2461256.9747525603 1.0006800659
2461256.9749122821 1.0007730155
2461256.9750720048 0.9994317588
2461256.9752317267 1.0006852776
2461256.9753914489 0.9993342273
2461256.9755511712 0.9997634585
2461256.9757108935 0.9995963302
2461256.9758706158 1.0001999684
2461256.9760303376 1.0017462391
2461256.9761900604 0.9992015958
2461256.9763497822 0.9998005118
2461256.9765095045 1.0001911236
2461256.9766692268 1.0000698944
2461256.9768289491 0.9996287071
2461256.9769886713 1.0007272656
2461256.9771483932 1.0000047804
2461256.9773081159 0.9997169884
2461256.9774678377 1.0009188881
2461256.9776275600 0.9992185506
2461256.9777872823 0.9996373089
2461256.9779470046 0.9996973829
2461256.9781067269 0.9980864038
2461256.9782664487 0.9997229103
2461256.9784261715 0.9992948185
2461256.9785858933 0.9997328259
2461256.9787456156 0.9990930031
2461256.9789053379 0.9992943531
2461256.9790650601 0.9989816219
2461256.9792247824 0.9997245405
2461256.9793845047 1.0005954026
2461256.9795442270 1.0002516991
2461256.9797039488 1.0010862503
2461256.9798636711 0.9992564589
2461256.9800233934 1.0006902643
2461256.9801831157 1.0007209763
2461256.9803428380 0.9999274631
2461256.9805025603 0.9999518768
2461256.9806622826 0.9993150007
2461256.9808220044 0.9999868243
2461256.9809817267 1.0009486476
2461256.9811414490 0.9997150883
2461256.9813011712 0.9985669055
2461256.9814608935 0.9998523052
2461256.9816206158 0.9994008139
2461256.9817803381 0.9989539910
2461256.9819400599 0.9989001587
2461256.9820997822 0.9992506968
2461256.9822595045 1.0001686503
2461256.9824192268 1.0005203065
2461256.9825789491 0.9995309784
2461256.9827386714 0.9995408812
2461256.9828983936 0.9999513422
2461256.9830581155 1.0008303655
2461256.9832178378 1.0000903512
2461256.9833775600 1.0011683379
2461256.9835372823 0.9992602701
2461256.9836970046 1.0009630362
2461256.9838567269 1.0006793078
2461256.9840164492 1.0006537120
2461256.9841761710 0.9988132517
2461256.9843358933 1.0008127581
2461256.9844956156 1.0002858506
2461256.9846553379 0.9990592167
2461256.9848150602 1.0002815031
2461256.9849747824 1.0001789559
2461256.9851345047 1.0003672808
2461256.9852942266 0.9997488518
2461256.9854539488 1.0003459607
2461256.9856136711 0.9997969400
2461256.9857733934 0.9998614917
2461256.9859331157 0.9990096442
2461256.9860928380 0.9999238179
2461256.9862525603 0.9996415428
2461256.9864122821 0.9993681653
2461256.9865720044 0.9990944680
2461256.9867317267 1.0011888355
2461256.9868914490 1.0006434378
2461256.9870511713 0.9998639071
2461256.9872108935 0.9996200672
2461256.9873706158 1.0003593532
2461256.9875303376 1.0000506757
2461256.9876900599 0.9991311298
2461256.9878497822 0.9994602179
2461256.9880095045 1.0000035577
2461256.9881692268 1.0005475468
2461256.9883289491 0.9996284290
2461256.9884886714 1.0004017326
2461256.9886483932 0.9992149067
2461256.9888081159 0.9996119359
2461256.9889678378 0.9994195226
2461256.9891275601 1.0001504807
2461256.9892872823 0.9993936538
2461256.9894470046 0.9982257209
2461256.9896067269 1.0001174621
2461256.9897664487 0.9997799101
2461256.9899261715 0.9990990077
2461256.9900858933 1.0004021494
2461256.9902456156 1.0008933574
2461256.9904053379 0.9991762051
2461256.9905650602 0.9998254987
2461256.9907247825 1.0000510817
2461256.9908845043 0.9986643401
2461256.9910442270 0.9997863641
2461256.9912039489 1.0017740223
2461256.9913636711 1.0010864445
2461256.9915233934 0.9990521807
2461256.9916831157 0.9998398089
2461256.9918428380 1.0015458085
2461256.9920025598 0.9991243438
2461256.9921622826 1.0000323686
2461256.9923220044 1.0008202692
2461256.9924817267 0.9996064046
2461256.9926414490 1.0004876021
2461256.9928011713 0.9999265730
2461256.9929608935 0.9994984119
2461256.9931206158 1.0006145734
2461256.9932803381 0.9997032189
2461256.9934400599 0.9995733411
2461256.9935997822 0.9997070191
2461256.9937595045 0.9989778886
2461256.9939192268 1.0009350259
2461256.9940789491 0.9997907176
2461256.9942386714 0.9995919582
2461256.9943983937 1.0001611706
2461256.9945581155 1.0000988981
2461256.9947178378 0.9999678665
2461256.9948775601 1.0002395492
2461256.9950372824 0.9985732000
2461256.9951970046 0.9984737441
2461256.9953567269 0.9988552593
2461256.9955164492 0.9999067019
2461256.9956761710 1.0003951078
2461256.9958358933 0.9999163456
2461256.9959956156 1.0001414341
2461256.9961553379 1.0013166135
2461256.9963150602 0.9994482883
2461256.9964747825 0.9984256388
2461256.9966345048 1.0000247250
2461256.9967942266 0.9992473084
2461256.9969539489 0.9995198289
2461256.9971136712 1.0011820039
2461256.9972733934 1.0001529016
2461256.9974331157 0.9987465589
2461256.9975928380 1.0006978808
2461256.9977525603 1.0008082050
2461256.9979122821 1.0003285993
2461256.9980720044 1.0005303673
2461256.9982317267 1.0000448730
2461256.9983914490 0.9992285388
2461256.9985511713 1.0002040199
2461256.9987108936 0.9998138841
2461256.9988706158 0.9994191337
2461256.9990303377 0.9993330153
2461256.9991900600 1.0006758855
2461256.9993497822 0.9997075104
2461256.9995095045 1.0004616712
2461256.9996692268 1.0002863598
2461256.9998289491 1.0007149195
2461256.9999886714 0.9989379603
2461257.0001483932 0.9999915477
2461257.0003081155 1.0005351219
2461257.0004678378 1.0005762929
2461257.0006275601 1.0005432907
2461257.0007872824 0.9995090931
2461257.0009470046 1.0000103240
2461257.0011067269 0.9994523492
2461257.0012664488 1.0015785763
2461257.0014261710 1.0015957196
2461257.0015858933 0.9994599874
2461257.0017456156 0.9995735439
2461257.0019053379 1.0006058016
2461257.0020650602 1.0006280444
2461257.0022247825 1.0000228037
2461257.0023845043 0.9989049102
2461257.0025442266 0.9999822581
2461257.0027039489 0.9994731681
2461257.0028636712 1.0009987520
2461257.0030233935 0.9995729618
2461257.0031831157 1.0001736617
2461257.0033428380 1.0006606978
2461257.0035025598 1.0002688382
2461257.0036622826 0.9999905074
2461257.0038220044 1.0003653073
2461257.0039817267 1.0012784111
2461257.0041414490 1.0002410956
2461257.0043011713 1.0005639858
2461257.0044608936 0.9991545367
2461257.0046206154 0.9999650949
2461257.0047803381 0.9993978033
2461257.0049400600 0.9998759193
2461257.0050997823 0.9997429402
2461257.0052595045 0.9992133854
2461257.0054192268 0.9998317341
2461257.0055789491 1.0001562763
2461257.0057386709 0.9997826728
2461257.0058983937 1.0004520026
2461257.0060581155 0.9989062702
2461257.0062178378 0.9996334918
2461257.0063775601 1.0011336020
2461257.0065372824 1.0010425019
2461257.0066970047 0.9994168215
2461257.0068567269 0.9997823324
2461257.0070164492 0.9997088088
2461257.0071761711 1.0011009732
2461257.0073358933 0.9995324398
2461257.0074956156 0.9998858205
2461257.0076553379 1.0004716193
2461257.0078150602 0.9991700132
2461257.0079747825 1.0017281385
2461257.0081345048 0.9993298570
2461257.0082942266 1.0002589897
2461257.0084539489 0.9998348979
2461257.0086136712 1.0000001866
2461257.0087733935 1.0009704809
2461257.0089331158 1.0003234275
2461257.0090928380 1.0000270844
2461257.0092525603 1.0003592398
2461257.0094122821 1.0008264953
2461257.0095720044 0.9997561292
2461257.0097317267 1.0004849751
2461257.0098914490 0.9997352015
2461257.0100511713 1.0006869307
2461257.0102108936 1.0005166304
2461257.0103706159 0.9988557392
2461257.0105303377 0.9993499216
2461257.0106900600 1.0014183953
2461257.0108497823 1.0003103875
2461257.0110095046 0.9986481338
2461257.0111692268 0.9990646024
2461257.0113289491 1.0008963342
2461257.0114886714 0.9989287339
2461257.0116483932 1.0005810681
2461257.0118081155 1.0003659061
2461257.0119678378 1.0000965390
2461257.0121275601 1.0001665653
2461257.0122872824 0.9992443496
2461257.0124470047 1.0005282822
2461257.0126067270 0.9989984001
2461257.0127664488 0.9990525254
2461257.0129261711 1.0004297912
2461257.0130858934 1.0013817840
2461257.0132456156 1.0001930364
2461257.0134053379 1.0000151329
2461257.0135650602 0.9995332870
2461257.0137247825 0.9994737370
2461257.0138845043 0.9998409661
2461257.0140442266 1.0010211229
2461257.0142039489 0.9990988509
2461257.0143636712 1.0009971707
2461257.0145233935 1.0007656205
2461257.0146831158 1.0012530324
2461257.0148428380 1.0007156437
2461257.0150025599 1.0003469248
2461257.0151622822 0.9997441505
2461257.0153220044 0.9995862303
2461257.0154817267 1.0007796174
2461257.0156414490 0.9991942803
2461257.0158011713 1.0003165159
2461257.0159608936 1.0009531516
2461257.0161206154 1.0002015427
2461257.0162803377 1.0002734716
2461257.0164400600 1.0007835632
2461257.0165997823 1.0000784467
2461257.0167595046 0.9993277904
2461257.0169192269 0.9993388979
2461257.0170789491 0.9996660974
2461257.0172386710 1.0001654196
2461257.0173983937 1.0001019491
2461257.0175581155 0.9995042979
2461257.0177178378 0.9999876309
2461257.0178775601 1.0003380260
2461257.0180372824 0.9989094551
2461257.0181970047 1.0002426620
2461257.0183567265 0.9996143781
2461257.0185164493 1.0010141790
2461257.0186761711 0.9999585164
2461257.0188358934 1.0013706874
2461257.0189956157 0.9996510178
2461257.0191553379 0.9988216451
2461257.0193150602 1.0002033597
2461257.0194747820 1.0003651309
2461257.0196345048 1.0004110551
2461257.0197942266 0.9993576166
2461257.0199539489 1.0024760126
2461257.0201136712 0.9991941522
2461257.0202733935 1.0006006747
2461257.0204331158 0.9997526456
2461257.0205928381 1.0004989823
2461257.0207525603 1.0014943452
2461257.0209122822 1.0000583275
2461257.0210720045 1.0002721218
2461257.0212317267 0.9995131418
2461257.0213914490 0.9998436159
2461257.0215511713 0.9987450275
2461257.0217108936 1.0005621140
2461257.0218706159 1.0001744854
2461257.0220303377 1.0000443405
2461257.0221900600 1.0013986537
2461257.0223497823 1.0010021924
2461257.0225095046 1.0002660789
2461257.0226692269 1.0001147264
2461257.0228289491 1.0005151418
2461257.0229886714 0.9998527036
2461257.0231483933 1.0011755164
2461257.0233081155 0.9989255804
2461257.0234678378 0.9985326355
2461257.0236275601 0.9994611580
2461257.0237872824 1.0006101896
2461257.0239470047 0.9991546722
2461257.0241067270 1.0015878414
2461257.0242664488 1.0011708660
2461257.0244261711 1.0011049282
2461257.0245858934 1.0002864990
2461257.0247456157 0.9993757039
2461257.0249053380 0.9997477584
2461257.0250650602 0.9988873246
2461257.0252247825 1.0010776313
2461257.0253845043 0.9999600873
2461257.0255442266 1.0008190522
2461257.0257039489 0.9998423466
2461257.0258636712 1.0004702416
2461257.0260233935 0.9994609983
2461257.0261831158 1.0013348362
2461257.0263428381 0.9996115267
2461257.0265025599 0.9988977931
2461257.0266622822 1.0005293899
2461257.0268220045 0.9999977596
2461257.0269817268 1.0000161510
2461257.0271414490 1.0005111549
2461257.0273011713 1.0004272432
2461257.0274608936 0.9991328059
2461257.0276206154 0.9998897199
2461257.0277803377 0.9994189436
2461257.0279400600 0.9997527184
2461257.0280997823 1.0005742816
2461257.0282595046 1.0004034800
2461257.0284192269 1.0002299931
2461257.0285789492 0.9999910940
2461257.0287386710 0.9996295449
2461257.0288983933 1.0006902097
2461257.0290581156 1.0000224445
2461257.0292178378 1.0006953727
2461257.0293775601 1.0002698210
2461257.0295372824 0.9998740402
2461257.0296970047 0.9990751767
2461257.0298567265 0.9992108265
2461257.0300164488 1.0007718594
2461257.0301761711 1.0001031335
2461257.0303358934 0.9987741901
2461257.0304956157 1.0009235799
2461257.0306553380 0.9997579992
2461257.0308150603 1.0003622606
2461257.0309747821 1.0002568927
2461257.0311345048 0.9995203474
2461257.0312942266 1.0019258755
2461257.0314539489 1.0007114938
2461257.0316136712 0.9993561768
2461257.0317733935 0.9992591299
2461257.0319331158 1.0010734003
2461257.0320928376 0.9994610992
2461257.0322525604 1.0006998630
2461257.0324122822 0.9997552837
2461257.0325720045 0.9994264580
2461257.0327317268 0.9999238821
2461257.0328914491 1.0001835348
2461257.0330511713 1.0008774758
2461257.0332108932 0.9982393452
2461257.0333706159 0.9999195206
2461257.0335303377 1.0011300941
2461257.0336900600 0.9986396004
2461257.0338497823 1.0004777955
2461257.0340095046 0.9991052999
2461257.0341692269 0.9994045004
2461257.0343289492 1.0015968026
2461257.0344886715 0.9995637033
2461257.0346483933 0.9988896721
2461257.0348081156 1.0004836610
2461257.0349678379 0.9995348534
2461257.0351275601 1.0004747673
2461257.0352872824 0.9998208927
2461257.0354470047 1.0003936116
2461257.0356067270 1.0002508537
2461257.0357664488 0.9994547438
2461257.0359261711 0.9994930822
2461257.0360858934 0.9999405731
2461257.0362456157 0.9997837622
2461257.0364053380 0.9997737470
2461257.0365650603 0.9987799067
2461257.0367247825 1.0000518073
2461257.0368845044 1.0000460838
2461257.0370442267 0.9998909885
2461257.0372039489 1.0013514284
2461257.0373636712 0.9996704861
2461257.0375233935 0.9994026005
2461257.0376831158 1.0005173426
2461257.0378428381 0.9997189466
2461257.0380025599 1.0018519549
2461257.0381622822 0.9984885830
2461257.0383220045 0.9994627597
2461257.0384817268 0.9999534862
2461257.0386414491 0.9993065204
2461257.0388011714 1.0001887884
2461257.0389608936 0.9996624748
2461257.0391206155 1.0008170552
2461257.0392803377 1.0002280678
2461257.0394400600 0.9996767982
2461257.0395997823 0.9999099205
2461257.0397595046 0.9982202970
2461257.0399192269 1.0000795297
2461257.0400789492 0.9980620287
2461257.0402386710 0.9999602103
2461257.0403983933 0.9995971027
2461257.0405581156 1.0001773073
2461257.0407178379 1.0004472596
2461257.0408775602 1.0005677852
2461257.0410372824 1.0000374162
2461257.0411970047 0.9993584663
2461257.0413567265 1.0005756540
2461257.0415164488 1.0005329347
2461257.0416761711 1.0005516294
2461257.0418358934 1.0002910252
2461257.0419956157 0.9990137525
2461257.0421553380 1.0001234638
2461257.0423150603 0.9988105052
2461257.0424747821 1.0007415156
2461257.0426345044 0.9997864612
2461257.0427942267 1.0003830696
2461257.0429539490 1.0003251251
2461257.0431136712 1.0006606961
2461257.0432733935 0.9997615694
2461257.0434331158 1.0002320149
2461257.0435928376 0.9992591296
2461257.0437525599 1.0004638876
2461257.0439122822 0.9992700081
2461257.0440720045 0.9994369469
2461257.0442317268 0.9995413782
2461257.0443914491 1.0009337053
2461257.0445511714 1.0003919073
2461257.0447108932 1.0000138684
2461257.0448706159 1.0003188358
2461257.0450303378 1.0000428543
2461257.0451900600 1.0005182213
2461257.0453497823 0.9990530871
2461257.0455095046 0.9999956464
2461257.0456692269 0.9991722211
2461257.0458289487 1.0002453711
2461257.0459886715 1.0003691264
2461257.0461483933 1.0001255126
2461257.0463081156 1.0001559126
2461257.0464678379 0.9996857242
2461257.0466275602 1.0000403197
2461257.0467872825 1.0010691500
2461257.0469470043 1.0002264241
2461257.0471067270 1.0006705909
2461257.0472664488 0.9999029739
2461257.0474261711 0.9997542528
2461257.0475858934 1.0003801518
2461257.0477456157 0.9992598850
2461257.0479053380 1.0010616346
2461257.0480650603 0.9994512085
2461257.0482247826 1.0004568510
2461257.0483845044 0.9996936004
2461257.0485442267 1.0002606279
2461257.0487039490 0.9995600750
2461257.0488636713 0.9997661069
2461257.0490233935 0.9993324619
2461257.0491831158 0.9999962011
2461257.0493428381 1.0006661686
2461257.0495025599 1.0008915695
2461257.0496622822 0.9995753561
2461257.0498220045 1.0002877306
2461257.0499817268 1.0005924307
2461257.0501414491 1.0006585208
2461257.0503011714 0.9992536591
2461257.0504608937 1.0010931949
2461257.0506206155 0.9991753600
2461257.0507803378 1.0003857164
2461257.0509400601 1.0011257703
2461257.0510997823 1.0000984872
2461257.0512595046 1.0001122184
2461257.0514192269 0.9995850647
2461257.0515789492 0.9983320931
2461257.0517386710 1.0000425272
2461257.0518983933 1.0019221770
2461257.0520581156 0.9996160261
2461257.0522178379 1.0006359964
2461257.0523775602 0.9999786622
2461257.0525372825 0.9997047334
2461257.0526970048 1.0008730626
2461257.0528567266 1.0000534100
2461257.0530164489 1.0000545078
2461257.0531761711 1.0001421352
2461257.0533358934 0.9992682081
2461257.0534956157 0.9993348273
2461257.0536553380 0.9999143616
2461257.0538150603 0.9996905645
2461257.0539747821 0.9993490198
2461257.0541345044 0.9999311600
2461257.0542942267 1.0004839263
2461257.0544539490 0.9994997910
2461257.0546136713 1.0008271235
2461257.0547733936 1.0003915497
2461257.0549331158 1.0008037289
2461257.0550928377 1.0002306132
2461257.0552525599 1.0006819226
2461257.0554122822 1.0000457819
2461257.0555720045 1.0001695465
2461257.0557317268 0.9992444484
2461257.0558914491 0.9998413308
2461257.0560511714 0.9997124016
2461257.0562108932 0.9992207455
2461257.0563706155 1.0014856930
2461257.0565303378 0.9995155613
2461257.0566900601 1.0002268398
2461257.0568497824 0.9998529244
2461257.0570095046 1.0000596439
2461257.0571692269 1.0010110719
2461257.0573289488 1.0004364360
2461257.0574886710 0.9994100149
2461257.0576483933 0.9996707059
2461257.0578081156 0.9993318869
2461257.0579678379 0.9999697152
2461257.0581275602 0.9985428279
2461257.0582872825 1.0005647682
2461257.0584470043 0.9999844919
2461257.0586067270 0.9996362227
2461257.0587664489 0.9986719319
2461257.0589261712 1.0000341150
2461257.0590858934 1.0007278595
2461257.0592456157 0.9987183686
2461257.0594053380 1.0011902854
2461257.0595650598 0.9991053904
2461257.0597247826 1.0000417937
2461257.0598845044 0.9999841637
2461257.0600442267 1.0004395167
2461257.0602039490 1.0009916727
2461257.0603636713 1.0003397909
2461257.0605233936 0.9998138634
2461257.0606831154 0.9987795512
2461257.0608428381 1.0009896242
2461257.0610025600 0.9992302097
2461257.0611622822 1.0011362879
2461257.0613220045 0.9997788670
2461257.0614817268 1.0001140730
2461257.0616414491 0.9996114831
2461257.0618011714 0.9999888252
2461257.0619608937 1.0012000263
2461257.0621206155 1.0006154656
2461257.0622803378 1.0000452836
2461257.0624400601 0.9982157166
2461257.0625997824 0.9997655284
2461257.0627595047 1.0000064906
2461257.0629192269 0.9994670474
2461257.0630789492 1.0006856900
2461257.0632386710 1.0004286379
2461257.0633983933 1.0002388354
2461257.0635581156 1.0003419454
2461257.0637178379 0.9989607229
2461257.0638775602 0.9997455879
2461257.0640372825 0.9997399953
2461257.0641970048 0.9998955932
2461257.0643567266 0.9994548865
2461257.0645164489 1.0006717552
2461257.0646761712 1.0007276165
2461257.0648358935 1.0000123471
2461257.0649956157 1.0001308631
2461257.0651553380 0.9999976161
2461257.0653150603 0.9998129821
2461257.0654747821 0.9988919354
2461257.0656345044 0.9990478579
2461257.0657942267 0.9997809175
2461257.0659539490 0.9997514217
2461257.0661136713 0.9994400750
2461257.0662733936 1.0014907616
2461257.0664331159 1.0006360158
2461257.0665928377 0.9997118927
2461257.0667525600 1.0003606327
2461257.0669122823 0.9996318593
2461257.0670720045 0.9990746699
2461257.0672317268 1.0006537396
2461257.0673914491 1.0007187392
2461257.0675511714 0.9993298018
2461257.0677108932 0.9990050757
2461257.0678706155 1.0002555651
2461257.0680303378 1.0013886650
2461257.0681900601 1.0007312001
2461257.0683497824 1.0005364124
2461257.0685095047 0.9995950608
2461257.0686692270 1.0008402838
2461257.0688289488 0.9993124172
2461257.0689886711 0.9996447073
2461257.0691483933 0.9992481278
2461257.0693081156 1.0010092930
2461257.0694678379 1.0018395891
2461257.0696275602 1.0004155970
2461257.0697872825 0.9996110515
2461257.0699470043 0.9990898681
2461257.0701067266 0.9993260236
2461257.0702664489 1.0003117161
2461257.0704261712 0.9997659746
2461257.0705858935 1.0010601713
2461257.0707456158 1.0003216343
2461257.0709053380 0.9986607498
2461257.0710650599 0.9999911649
2461257.0712247822 1.0001454795
2461257.0713845044 0.9997763416
2461257.0715442267 1.0004306138
2461257.0717039490 0.9995411822
2461257.0718636713 0.9998299479
2461257.0720233936 0.9993855771
2461257.0721831154 1.0003397248
2461257.0723428382 1.0005049535
2461257.0725025600 1.0000775327
2461257.0726622823 0.9994047907
2461257.0728220046 0.9995629107
2461257.0729817268 1.0008257725
2461257.0731414491 0.9999927802
2461257.0733011710 1.0005152938
2461257.0734608937 1.0010669902
2461257.0736206155 0.9992798829
2461257.0737803378 0.9999085302
2461257.0739400601 1.0008344328
2461257.0740997824 1.0006079299
2461257.0742595047 1.0005792362
2461257.0744192265 1.0012962037
2461257.0745789493 0.9991396758
2461257.0747386711 1.0006862578
2461257.0748983934 1.0004367621
2461257.0750581156 1.0001064306
2461257.0752178379 0.9993718714
2461257.0753775602 0.9994767613
2461257.0755372825 1.0008416384
2461257.0756970048 0.9991559368
2461257.0758567266 0.9992536707
2461257.0760164489 0.9998460398
2461257.0761761712 0.9989925839
2461257.0763358935 0.9995862606
2461257.0764956158 0.9991798900
2461257.0766553381 0.9996809703
2461257.0768150603 0.9996460908
2461257.0769747822 1.0000337772
2461257.0771345044 0.9999728461
2461257.0772942267 0.9995861287
2461257.0774539490 1.0011714687
2461257.0776136713 0.9993006413
2461257.0777733936 0.9992795541
2461257.0779331159 0.9999689310
2461257.0780928377 1.0003796095
2461257.0782525600 1.0000441242
2461257.0784122823 0.9995830555
2461257.0785720046 0.9994173563
2461257.0787317269 1.0010212364
2461257.0788914491 0.9994468903
2461257.0790511714 0.9990181512
2461257.0792108933 0.9996338150
2461257.0793706155 1.0007746557
2461257.0795303378 0.9996353559
2461257.0796900601 0.9996305393
2461257.0798497824 0.9995475043
2461257.0800095047 0.9997442017
2461257.0801692270 0.9994551515
2461257.0803289488 1.0002085277
2461257.0804886711 0.9997205502
2461257.0806483934 1.0002310901
2461257.0808081157 1.0002691582
2461257.0809678379 1.0000274985
2461257.0811275602 0.9994422498
2461257.0812872825 1.0001011333
2461257.0814470043 0.9985998890
2461257.0816067266 0.9994549803
2461257.0817664489 1.0006335672
2461257.0819261712 0.9993993523
2461257.0820858935 1.0006012697
2461257.0822456158 0.9994226457
2461257.0824053381 0.9998431206
2461257.0825650599 0.9999681697
2461257.0827247822 0.9998944454
2461257.0828845045 1.0002185391
2461257.0830442267 1.0002398968
2461257.0832039490 0.9997329874
2461257.0833636713 1.0000084059
2461257.0835233936 1.0000990030
2461257.0836831154 1.0009275460
2461257.0838428377 0.9998289574
2461257.0840025600 1.0001221066
2461257.0841622823 1.0011137583
2461257.0843220046 0.9995752224
2461257.0844817269 1.0008297617
2461257.0846414492 0.9994839716
2461257.0848011710 0.9993777033
2461257.0849608933 0.9993041071
2461257.0851206155 1.0009400444
2461257.0852803378 1.0001508963
2461257.0854400601 1.0000787379
2461257.0855997824 1.0000728751
2461257.0857595047 1.0007422746
2461257.0859192265 0.9993538484
2461257.0860789493 1.0011552367
2461257.0862386711 0.9996257483
2461257.0863983934 0.9999947720
2461257.0865581157 0.9993542970
2461257.0867178380 1.0007672908
2461257.0868775602 1.0008581746
2461257.0870372821 0.9989967547
2461257.0871970048 1.0002216822
2461257.0873567266 0.9994660329
2461257.0875164489 0.9992378195
2461257.0876761712 1.0009615917
2461257.0878358935 1.0005919662
2461257.0879956158 0.9983160891
2461257.0881553376 0.9998790799
2461257.0883150604 1.0006951615
2461257.0884747822 1.0014392623
2461257.0886345045 1.0000159724
2461257.0887942268 1.0008290352
2461257.0889539490 0.9990224020
2461257.0891136713 1.0000122497
2461257.0892733932 1.0001077635
2461257.0894331159 1.0001403588
2461257.0895928377 0.9994101591
2461257.0897525600 1.0008347084
2461257.0899122823 0.9990214578
2461257.0900720046 0.9994271225
2461257.0902317269 1.0001892869
2461257.0903914492 1.0009209385
2461257.0905511715 0.9988904799
2461257.0907108933 0.9988573275
2461257.0908706156 1.0000261894
2461257.0910303378 0.9998581059
2461257.0911900601 0.9994863259
2461257.0913497824 1.0004815909
2461257.0915095047 1.0007915129
2461257.0916692270 1.0008685491
2461257.0918289488 0.9992734869
2461257.0919886711 1.0009364555
2461257.0921483934 1.0014342301
2461257.0923081157 0.9991658907
2461257.0924678380 1.0004489040
2461257.0926275603 1.0000633574
2461257.0927872825 0.9998940883
2461257.0929470044 1.0001836272
2461257.0931067267 1.0017487240
2461257.0932664489 0.9987899075
2461257.0934261712 1.0009128974
2461257.0935858935 0.9998582696
2461257.0937456158 1.0009418928
2461257.0939053381 0.9998942395
2461257.0940650599 1.0006389548
2461257.0942247822 0.9992071521
2461257.0943845045 1.0009997642
2461257.0945442268 1.0007471252
2461257.0947039491 1.0007115918
2461257.0948636713 0.9997674683
2461257.0950233936 0.9990687412
2461257.0951831155 1.0000337243
2461257.0953428377 1.0000328925
2461257.0955025600 1.0002455137
2461257.0956622823 1.0019371871
2461257.0958220046 0.9986030633
2461257.0959817269 1.0009370682
2461257.0961414492 0.9985259233
2461257.0963011710 0.9998388582
2461257.0964608933 1.0008487304
2461257.0966206156 0.9985358885
2461257.0967803379 0.9995223255
2461257.0969400601 1.0014278899
2461257.0970997824 1.0000164100
2461257.0972595047 1.0004877787
2461257.0974192265 0.9998641100
2461257.0975789488 0.9998687611
2461257.0977386711 1.0002857110
2461257.0978983934 0.9994912891
2461257.0980581157 1.0002311146
2461257.0982178380 0.9992273046
2461257.0983775603 1.0014838189
2461257.0985372821 0.9990837100
2461257.0986970044 0.9998351108
2461257.0988567267 0.9991432636
2461257.0990164489 1.0010452713
2461257.0991761712 1.0000526497
2461257.0993358935 1.0002945297
2461257.0994956158 1.0000940954
2461257.0996553376 0.9996159007
2461257.0998150604 1.0000811758
2461257.0999747822 1.0008432106
2461257.1001345045 0.9997895097
2461257.1002942268 0.9996862965
2461257.1004539491 1.0001700497
2461257.1006136714 1.0005848962
2461257.1007733932 0.9993864431
2461257.1009331159 0.9997103831
2461257.1010928378 0.9998598831
2461257.1012525600 0.9997360364
2461257.1014122823 0.9999597715
2461257.1015720046 0.9997673402
2461257.1017317269 1.0001268074
2461257.1018914487 0.9999538259
2461257.1020511715 1.0015598413
2461257.1022108933 0.9992721837
2461257.1023706156 1.0000000000
2461257.1025303379 1.0003852602
2461257.1026900602 0.9998421101
2461257.1028497824 1.0003332790
2461257.1030095043 1.0007402783
2461257.1031692270 0.9994318998
2461257.1033289488 1.0004128485
2461257.1034886711 1.0004930013
2461257.1036483934 1.0000452071
2461257.1038081157 0.9998420261
2461257.1039678380 0.9989745353
2461257.1041275603 0.9990419680
2461257.1042872826 0.9991535722
2461257.1044470044 0.9993944252
2461257.1046067267 1.0000613475
2461257.1047664490 0.9993544885
2461257.1049261712 1.0005690809
2461257.1050858935 0.9999088991
2461257.1052456158 0.9993413615
2461257.1054053381 1.0000306495
2461257.1055650599 0.9993616573
2461257.1057247822 0.9994814516
2461257.1058845045 1.0015163118
2461257.1060442268 0.9982646104
2461257.1062039491 0.9988566255
2461257.1063636714 1.0017669633
2461257.1065233937 1.0007609892
2461257.1066831155 1.0006006919
2461257.1068428378 0.9992725643
2461257.1070025600 1.0004222853
2461257.1071622823 1.0003861180
2461257.1073220046 0.9990531862
2461257.1074817269 1.0006468121
2461257.1076414492 0.9999759369
2461257.1078011710 0.9996453934
2461257.1079608933 1.0028660152
2461257.1081206156 1.0012611061
2461257.1082803379 1.0010181024
2461257.1084400602 1.0007919153
2461257.1085997825 0.9995626766
2461257.1087595047 0.9993880102
2461257.1089192266 1.0000945300
2461257.1090789489 1.0007852077
2461257.1092386711 0.9995093179
2461257.1093983934 0.9999583247
2461257.1095581157 0.9995161800
2461257.1097178380 0.9996273573
2461257.1098775603 0.9994579789
2461257.1100372821 0.9993876001
2461257.1101970044 1.0000427928
2461257.1103567267 1.0012876615
2461257.1105164490 0.9990972334
2461257.1106761713 1.0000903959
2461257.1108358935 0.9994647744
2461257.1109956158 0.9995274089
2461257.1111553377 1.0006480571
2461257.1113150599 0.9997404625
2461257.1114747822 0.9992012354
2461257.1116345045 0.9989084193
2461257.1117942268 1.0006101699
2461257.1119539491 0.9992467033
2461257.1121136714 1.0001220487
2461257.1122733932 0.9998433235
2461257.1124331155 1.0011857382
2461257.1125928378 0.9994063679
2461257.1127525601 1.0000656337
2461257.1129122823 0.9983887730
2461257.1130720046 0.9994022088
2461257.1132317269 1.0001415885
2461257.1133914487 1.0007298459
2461257.1135511715 1.0008454736
2461257.1137108933 1.0001447756
2461257.1138706156 1.0000104324
2461257.1140303379 1.0004621076
2461257.1141900602 1.0000436267
2461257.1143497825 1.0003563326
2461257.1145095043 0.9996872499
2461257.1146692270 0.9998154713
2461257.1148289489 0.9996198436
2461257.1149886712 0.9985260712
2461257.1151483934 1.0008596379
2461257.1153081157 0.9997573094
2461257.1154678380 0.9997654951
2461257.1156275598 1.0003864727
2461257.1157872826 0.9997632903
2461257.1159470044 1.0003167975
2461257.1161067267 1.0004592609
2461257.1162664490 0.9992092163
2461257.1164261713 0.9997951345
2461257.1165858936 0.9995620946
2461257.1167456154 1.0003660926
2461257.1169053381 0.9988323986
2461257.1170650600 0.9993747296
2461257.1172247822 1.0002554337
2461257.1173845045 1.0011367604
2461257.1175442268 1.0008010041
2461257.1177039491 0.9998006559
2461257.1178636714 0.9997071297
2461257.1180233937 1.0004306864
2461257.1181831155 0.9998248601
2461257.1183428378 1.0005471505
2461257.1185025601 0.9988040761
2461257.1186622824 0.9987667509
2461257.1188220046 0.9983793199
2461257.1189817269 0.9994940809
2461257.1191414492 1.0009952142
2461257.1193011710 1.0000885580
2461257.1194608933 0.9998344145
2461257.1196206156 0.9996621719
2461257.1197803379 0.9996032591
2461257.1199400602 1.0001440655
2461257.1200997825 1.0005943452
2461257.1202595048 1.0005343689
2461257.1204192266 1.0001336266
2461257.1205789489 0.9983513935
2461257.1207386712 0.9996266957
2461257.1208983934 0.9996247588
2461257.1210581157 1.0003655890
2461257.1212178380 1.0001434674
2461257.1213775603 0.9999538487
2461257.1215372821 0.9985420724
2461257.1216970044 0.9998551800
2461257.1218567267 0.9999598286
2461257.1220164490 1.0010763082
2461257.1221761713 1.0003658850
2461257.1223358936 1.0003027045
2461257.1224956159 1.0005103292
2461257.1226553377 1.0000025583
2461257.1228150600 0.9993562068
2461257.1229747823 0.9990397153
2461257.1231345045 0.9999567280
2461257.1232942268 1.0007026901
2461257.1234539491 0.9991515702
2461257.1236136714 0.9995811472
2461257.1237733932 0.9994710369
2461257.1239331155 1.0003159894
2461257.1240928378 1.0005321124
2461257.1242525601 1.0010447668
2461257.1244122824 1.0000853044
2461257.1245720047 1.0002578624
2461257.1247317269 1.0001255615
2461257.1248914488 1.0010187643
2461257.1250511711 1.0000367911
2461257.1252108933 1.0000642604
2461257.1253706156 0.9996649536
2461257.1255303379 1.0003584648
2461257.1256900602 0.9990029150
2461257.1258497825 1.0007024445
2461257.1260095043 1.0002629261
2461257.1261692266 1.0008126490
2461257.1263289489 0.9994801388
2461257.1264886712 1.0008997323
2461257.1266483935 0.9999974040
2461257.1268081157 0.9997323556
2461257.1269678380 1.0001064568
2461257.1271275599 0.9999875742
2461257.1272872826 1.0000542039
2461257.1274470044 1.0018460835
2461257.1276067267 1.0001959180
2461257.1277664490 1.0006626686
2461257.1279261713 0.9996339226
2461257.1280858936 0.9993703149
2461257.1282456154 0.9987698721
2461257.1284053382 0.9995541083
2461257.1285650600 1.0010611692
2461257.1287247823 0.9998143803
2461257.1288845045 0.9997782503
2461257.1290442268 1.0003578699
2461257.1292039491 0.9990632802
2461257.1293636709 1.0004599821
2461257.1295233937 0.9999757595
2461257.1296831155 1.0003264275
2461257.1298428378 1.0013300291
2461257.1300025601 0.9998410509
2461257.1301622824 0.9993164840
2461257.1303220047 0.9999066621
2461257.1304817265 0.9991948736
2461257.1306414492 1.0003986104
2461257.1308011711 1.0008571595
2461257.1309608934 0.9996198569
2461257.1311206156 1.0010000347
2461257.1312803379 0.9991842042
2461257.1314400602 1.0014082484
2461257.1315997825 1.0006519388
2461257.1317595048 1.0016871278
2461257.1319192266 1.0007949566
2461257.1320789489 1.0008002723
2461257.1322386712 0.9989929518
2461257.1323983935 0.9993369584
2461257.1325581158 1.0007857896
2461257.1327178380 0.9995148349
2461257.1328775603 1.0003466900
2461257.1330372822 0.9999697161
2461257.1331970044 1.0014532304
2461257.1333567267 1.0009452797
2461257.1335164490 1.0006669845
2461257.1336761713 1.0003448160
2461257.1338358936 1.0010164070
2461257.1339956159 1.0001478585
2461257.1341553377 1.0001219696
2461257.1343150600 1.0013134499
2461257.1344747823 0.9987698965
2461257.1346345046 0.9996374018
2461257.1347942268 1.0008139119
2461257.1349539491 0.9991538756
2461257.1351136714 1.0003062807
2461257.1352733932 1.0003690072
2461257.1354331155 1.0007915195
2461257.1355928378 1.0007175492
2461257.1357525601 0.9991551280
2461257.1359122824 1.0011376019
2461257.1360720047 0.9996726608
2461257.1362317270 0.9999903871
2461257.1363914488 1.0005432769
2461257.1365511711 0.9996303342
2461257.1367108934 1.0000509729
2461257.1368706156 0.9995811636
2461257.1370303379 0.9999848806
2461257.1371900602 1.0002781899
2461257.1373497825 0.9983858503
2461257.1375095043 0.9999437266
2461257.1376692266 1.0010611228
2461257.1378289489 1.0002297925
2461257.1379886712 1.0006486402
2461257.1381483935 1.0007047266
2461257.1383081158 1.0002442121
2461257.1384678381 1.0005217563
2461257.1386275599 0.9995934922
2461257.1387872822 0.9998272931
2461257.1389470045 0.9999328705
2461257.1391067267 1.0001079408
2461257.1392664490 0.9997893371
2461257.1394261713 1.0010414055
2461257.1395858936 0.9998269926
2461257.1397456154 1.0007692965
2461257.1399053377 1.0009319694
2461257.1400650600 0.9999123933
2461257.1402247823 1.0003035880
2461257.1403845046 0.9995575567
2461257.1405442269 0.9999925404
2461257.1407039491 0.9993816377
2461257.1408636710 1.0006366777
2461257.1410233937 1.0010099229
2461257.1411831155 0.9995115951
2461257.1413428378 0.9990774116
2461257.1415025601 0.9990301480
2461257.1416622824 0.9987532563
2461257.1418220047 0.9997020280
2461257.1419817265 1.0011777018
2461257.1421414493 1.0001063205
2461257.1423011711 0.9992830339
2461257.1424608934 1.0005550723
2461257.1426206157 0.9998389535
2461257.1427803379 1.0003055864
2461257.1429400602 1.0000475922
2461257.1430997821 1.0005693830
2461257.1432595048 1.0007116309
2461257.1434192266 0.9997873180
2461257.1435789489 1.0002958686
2461257.1437386712 0.9986729216
2461257.1438983935 1.0004779497
2461257.1440581158 1.0004914637
2461257.1442178376 0.9993169154
2461257.1443775604 0.9991097050
2461257.1445372822 0.9995838886
2461257.1446970045 0.9998509408
2461257.1448567268 0.9997936511
2461257.1450164490 0.9994790762
2461257.1451761713 0.9994656835
2461257.1453358936 0.9992995443
2461257.1454956159 0.9999905638
2461257.1456553377 0.9999200367
2461257.1458150600 1.0008908170
2461257.1459747823 1.0003985104
2461257.1461345046 1.0005813636
2461257.1462942269 1.0001651318
2461257.1464539492 1.0009797972
2461257.1466136714 1.0014135543
2461257.1467733933 0.9998975953
2461257.1469331156 0.9996034244
2461257.1470928378 0.9989936507
2461257.1472525601 1.0005126330
2461257.1474122824 1.0001320106
2461257.1475720047 0.9999813940
2461257.1477317270 1.0011003664
2461257.1478914488 0.9997767239
2461257.1480511711 0.9998414468
2461257.1482108934 1.0013503091
2461257.1483706157 0.9996171128
2461257.1485303380 0.9997660017
2461257.1486900602 1.0007781240
2461257.1488497825 1.0008198268
2461257.1490095044 1.0009188476
2461257.1491692266 1.0000797114
2461257.1493289489 0.9998003400
2461257.1494886712 1.0003397626
2461257.1496483935 1.0007312254
2461257.1498081158 0.9997785612
2461257.1499678381 1.0003580518
2461257.1501275599 0.9994286685
2461257.1502872822 1.0003139903
2461257.1504470045 0.9999557578
2461257.1506067268 0.9993902849
2461257.1507664490 0.9989055863
2461257.1509261713 0.9986486359
2461257.1510858936 1.0007850804
2461257.1512456154 0.9994474918
2461257.1514053377 1.0002822497
2461257.1515650600 0.9989589902
2461257.1517247823 1.0003731938
2461257.1518845046 1.0011077171
2461257.1520442269 0.9995144909
2461257.1522039492 0.9990209786
2461257.1523636710 0.9995175838
2461257.1525233933 0.9996332555
2461257.1526831156 1.0002994906
2461257.1528428379 0.9986161919
2461257.1530025601 0.9998917900
2461257.1531622824 0.9992934836
2461257.1533220047 1.0006287933
2461257.1534817265 0.9999629107
2461257.1536414488 0.9993901997
2461257.1538011711 0.9998888972
2461257.1539608934 1.0004958872
2461257.1541206157 0.9998214842
2461257.1542803380 0.9982636387
2461257.1544400603 1.0001273217
2461257.1545997821 1.0003470819
2461257.1547595048 0.9998050776
2461257.1549192267 1.0004647702
2461257.1550789489 1.0001836789
2461257.1552386712 1.0007688433
2461257.1553983935 0.9999791793
2461257.1555581158 1.0006599458
2461257.1557178376 0.9992756363
2461257.1558775604 0.9993150114
2461257.1560372822 0.9999685879
2461257.1561970045 0.9999605552
2461257.1563567268 1.0002272105
2461257.1565164491 0.9992794836
2461257.1566761713 1.0003384606
2461257.1568358932 1.0004180255
2461257.1569956159 1.0003228117
2461257.1571553377 1.0000160816
2461257.1573150600 1.0003833772
2461257.1574747823 1.0014014295
2461257.1576345046 1.0011347014
2461257.1577942269 1.0001306280
2461257.1579539487 1.0004625943
2461257.1581136715 1.0008271953
2461257.1582733933 1.0007645084
2461257.1584331156 1.0004085526
2461257.1585928379 1.0006344960
2461257.1587525601 0.9998706645
2461257.1589122824 0.9999310955
2461257.1590720047 1.0005461428
2461257.1592317270 0.9998963117
2461257.1593914488 1.0005492298
2461257.1595511711 0.9999436017
2461257.1597108934 1.0003747724
2461257.1598706157 1.0011108300
2461257.1600303380 1.0004685592
2461257.1601900603 1.0007312180
2461257.1603497826 1.0008505172
2461257.1605095044 1.0000375701
2461257.1606692267 1.0005162796
2461257.1608289490 1.0007048517
2461257.1609886712 1.0008749694
2461257.1611483935 1.0004613550
2461257.1613081158 0.9995695562
2461257.1614678381 1.0006121381
2461257.1616275599 1.0010025485
2461257.1617872822 0.9994774319
2461257.1619470045 1.0002005782
2461257.1621067268 0.9995180955
2461257.1622664491 0.9991507064
2461257.1624261714 1.0005560875
2461257.1625858936 1.0008216100
2461257.1627456155 0.9995506219
2461257.1629053378 0.9990791930
2461257.1630650600 0.9989668142
2461257.1632247823 1.0007729394
2461257.1633845046 1.0001960423
2461257.1635442269 1.0004933818
2461257.1637039492 1.0004451001
2461257.1638636710 0.9996370884
2461257.1640233933 0.9985536598
2461257.1641831156 1.0002273790
2461257.1643428379 1.0016537436
2461257.1645025602 0.9988632894
2461257.1646622824 0.9997852245
2461257.1648220047 1.0016076308
2461257.1649817266 0.9990579366
2461257.1651414488 1.0001673865
2461257.1653011711 0.9986149439
2461257.1654608934 0.9995912315
2461257.1656206157 0.9997725082
2461257.1657803380 1.0006868744
2461257.1659400603 0.9999747013
2461257.1660997821 1.0002695083
2461257.1662595044 1.0003219989
2461257.1664192267 1.0007894632
2461257.1665789490 0.9995388408
2461257.1667386713 1.0002304267
2461257.1668983935 1.0003186549
2461257.1670581158 0.9988505652
2461257.1672178376 1.0006911394
2461257.1673775599 1.0013758442
2461257.1675372822 1.0013185496
2461257.1676970045 0.9998253262
2461257.1678567268 0.9995862617
2461257.1680164491 1.0001498335
2461257.1681761714 0.9996932961
2461257.1683358932 0.9990558269
2461257.1684956159 0.9995331961
2461257.1686553378 1.0004798896
2461257.1688150601 1.0002469072
2461257.1689747823 1.0000232890
2461257.1691345046 1.0001307317
2461257.1692942269 0.9996591175
2461257.1694539487 1.0007218788
2461257.1696136715 0.9992418815
2461257.1697733933 1.0000548139
2461257.1699331156 0.9990428470
2461257.1700928379 0.9998266170
2461257.1702525602 1.0023280596
2461257.1704122825 0.9993852656
2461257.1705720043 1.0007212460
2461257.1707317270 1.0005380339
2461257.1708914489 1.0005234140
2461257.1710511711 1.0012942462
2461257.1712108934 1.0001163781
2461257.1713706157 1.0004336304
2461257.1715303380 1.0010122728
2461257.1716900598 1.0009005020
2461257.1718497826 0.9995321668
2461257.1720095044 1.0007519361
2461257.1721692267 1.0006084812
2461257.1723289490 0.9996270510
2461257.1724886713 0.9999929570
2461257.1726483935 0.9991272070
2461257.1728081158 0.9996227819
2461257.1729678381 1.0005934808
2461257.1731275599 1.0001414648
2461257.1732872822 0.9993791231
2461257.1734470045 1.0003753563
2461257.1736067268 1.0008312407
2461257.1737664491 1.0015362689
2461257.1739261714 0.9999590994
2461257.1740858937 0.9991465485
2461257.1742456155 1.0009667474
2461257.1744053378 1.0012185203
2461257.1745650601 1.0013236456
2461257.1747247824 1.0003888950
2461257.1748845046 0.9997113242
2461257.1750442269 0.9996589514
2461257.1752039492 1.0011737758
2461257.1753636710 1.0004488403
2461257.1755233933 1.0017187835
2461257.1756831156 1.0006561907
2461257.1758428379 1.0013760427
2461257.1760025602 1.0012554337
2461257.1761622825 1.0003320158
2461257.1763220048 1.0015771803
2461257.1764817266 1.0008011816
2461257.1766414489 0.9996301644
2461257.1768011712 0.9990049922
2461257.1769608934 0.9995488181
2461257.1771206157 1.0002366799
2461257.1772803380 1.0002131659
2461257.1774400603 0.9998457195
2461257.1775997821 1.0003480468
2461257.1777595044 1.0003068522
2461257.1779192267 1.0003331927
2461257.1780789490 0.9997183296
2461257.1782386713 0.9999799208
2461257.1783983936 0.9997790838
2461257.1785581158 1.0009557525
2461257.1787178377 1.0007081134
2461257.1788775600 1.0002748070
2461257.1790372822 1.0000339366
2461257.1791970045 0.9995737289
2461257.1793567268 0.9992434551
2461257.1795164491 0.9989305021
2461257.1796761714 0.9991998226
2461257.1798358932 1.0001162953
2461257.1799956155 1.0020437153
2461257.1801553378 1.0007006597
2461257.1803150601 0.9992343750
2461257.1804747824 1.0005853851
2461257.1806345046 1.0011556247
2461257.1807942269 0.9993366261
2461257.1809539488 1.0006812374
2461257.1811136710 1.0001464879
2461257.1812733933 1.0000755703
2461257.1814331156 1.0011616769
2461257.1815928379 1.0009840511
2461257.1817525602 1.0004905886
2461257.1819122825 1.0001468721
2461257.1820720043 1.0013499704
2461257.1822317266 1.0003137203
2461257.1823914489 0.9999232531
2461257.1825511712 1.0004968385
2461257.1827108935 0.9993586260
2461257.1828706157 0.9989725618
2461257.1830303380 1.0004195648
2461257.1831900598 1.0009580182
2461257.1833497826 0.9984829304
2461257.1835095044 1.0000380156
2461257.1836692267 0.9993646953
2461257.1838289490 0.9994351118
2461257.1839886713 0.9995032734
2461257.1841483936 1.0009525870
2461257.1843081154 1.0003407960
2461257.1844678381 0.9989403286
2461257.1846275600 1.0021218362
2461257.1847872823 0.9995011923
2461257.1849470045 1.0007174567
2461257.1851067268 1.0001852278
2461257.1852664491 0.9999550873
2461257.1854261709 1.0008765307
2461257.1855858937 0.9997116471
2461257.1857456155 0.9999675941
2461257.1859053378 1.0005863967
2461257.1860650601 0.9998883913
2461257.1862247824 0.9994681168
2461257.1863845047 1.0001615301
2461257.1865442269 0.9997109054
2461257.1867039492 1.0006275554
2461257.1868636711 0.9997680073
2461257.1870233933 0.9988596856
2461257.1871831156 1.0010267571
2461257.1873428379 1.0009449657
2461257.1875025602 1.0005061134
2461257.1876622825 0.9993094142
2461257.1878220048 1.0000657517
2461257.1879817266 0.9998373918
2461257.1881414489 0.9997382917
2461257.1883011712 1.0005241174
2461257.1884608935 1.0004748829
2461257.1886206158 1.0008447791
2461257.1887803380 0.9996254606
2461257.1889400603 1.0012791181
2461257.1890997821 1.0012728883
2461257.1892595044 1.0010230251
2461257.1894192267 0.9999654333
2461257.1895789490 1.0005084501
2461257.1897386713 0.9996580751
2461257.1898983936 1.0001814951
2461257.1900581159 0.9984083589
2461257.1902178377 1.0005266214
2461257.1903775600 0.9999587862
2461257.1905372823 0.9990080000
2461257.1906970046 1.0003860881
2461257.1908567268 1.0003124358
2461257.1910164491 1.0008746907
2461257.1911761714 1.0000311973
2461257.1913358932 1.0007270072
2461257.1914956155 1.0001822657
2461257.1916553378 0.9997872252
2461257.1918150601 0.9996215661
2461257.1919747824 1.0011832463
2461257.1921345047 0.9996407586
2461257.1922942270 0.9986826901
2461257.1924539488 0.9992209571
2461257.1926136711 1.0014248721
2461257.1927733934 1.0006023065
2461257.1929331156 1.0005660359
2461257.1930928379 1.0012357542
2461257.1932525602 0.9999354970
2461257.1934122825 1.0001750891
2461257.1935720043 1.0006952103
2461257.1937317266 1.0003661960
2461257.1938914489 1.0009422967
2461257.1940511712 0.9989328475
2461257.1942108935 0.9995422945
2461257.1943706158 1.0009289020
2461257.1945303380 1.0003523265
2461257.1946900599 1.0008823659
2461257.1948497822 0.9994131670
2461257.1950095044 0.9997334306
2461257.1951692267 0.9994694166
2461257.1953289490 1.0006190281
2461257.1954886713 0.9997008568
2461257.1956483936 0.9996630279
2461257.1958081154 1.0001370126
2461257.1959678377 1.0008526722
2461257.1961275600 1.0003326852
2461257.1962872823 1.0011637929
2461257.1964470046 0.9983845166
2461257.1966067269 0.9991477266
2461257.1967664491 1.0003568953
2461257.1969261710 1.0006577847
2461257.1970858937 0.9996638765
2461257.1972456155 1.0003047543
2461257.1974053378 1.0006808907
2461257.1975650601 1.0001909255
2461257.1977247824 1.0003094393
2461257.1978845047 1.0007326797
2461257.1980442265 0.9995352043
2461257.1982039493 1.0001877864
2461257.1983636711 0.9997746086
2461257.1985233934 0.9987389138
2461257.1986831157 1.0001593113
2461257.1988428379 0.9999680805
2461257.1990025602 1.0006322455
2461257.1991622820 0.9998209232
2461257.1993220048 1.0004458318
2461257.1994817266 0.9996049175
2461257.1996414489 0.9992376089
2461257.1998011712 1.0000906560
2461257.1999608935 0.9998809438
2461257.2001206158 1.0011905599
2461257.2002803381 1.0008983946
2461257.2004400603 0.9996472263
2461257.2005997822 1.0003073606
2461257.2007595045 1.0009604312
2461257.2009192267 0.9994918121
2461257.2010789490 0.9999963395
2461257.2012386713 0.9986441329
2461257.2013983936 1.0004122224
2461257.2015581159 1.0011158312
2461257.2017178377 0.9995877390
2461257.2018775600 1.0011541913
2461257.2020372823 1.0003150065
2461257.2021970046 1.0004027393
2461257.2023567269 1.0000383080
2461257.2025164491 0.9995695056
2461257.2026761714 0.9999894826
2461257.2028358933 0.9993335188
2461257.2029956155 1.0004170689
2461257.2031553378 1.0012960182
2461257.2033150601 0.9994122564
2461257.2034747824 1.0000891198
2461257.2036345047 1.0005920344
2461257.2037942270 1.0007832644
2461257.2039539488 1.0000364633
2461257.2041136711 1.0010613164
2461257.2042733934 1.0007510169
2461257.2044331157 1.0005080998
2461257.2045928380 0.9996534795
2461257.2047525602 1.0006609617
2461257.2049122825 0.9999234499
2461257.2050720043 0.9997842555
2461257.2052317266 1.0010991214
2461257.2053914489 1.0002035401
2461257.2055511712 0.9995978124
2461257.2057108935 0.9990908410
2461257.2058706158 1.0010156470
2461257.2060303381 1.0004475402
2461257.2061900599 1.0013091148
2461257.2063497822 1.0009339485
2461257.2065095045 1.0002071373
2461257.2066692268 0.9993273394
2461257.2068289490 0.9998506076
2461257.2069886713 0.9992995455
2461257.2071483936 1.0009264377
2461257.2073081154 1.0006060040
2461257.2074678377 1.0002959451
2461257.2076275600 1.0003776430
2461257.2077872823 0.9997822789
2461257.2079470046 1.0002866003
2461257.2081067269 1.0005934707
2461257.2082664492 1.0011992728
2461257.2084261710 1.0008199000
2461257.2085858933 1.0017662393
2461257.2087456156 0.9999084055
2461257.2089053378 0.9996725683
2461257.2090650601 0.9996642837
2461257.2092247824 1.0000741814
2461257.2093845047 0.9993576448
2461257.2095442265 0.9999901597
2461257.2097039488 1.0007780736
2461257.2098636711 1.0017503509
2461257.2100233934 0.9997634468
2461257.2101831157 1.0002211129
2461257.2103428380 0.9994072028
2461257.2105025603 1.0003866584
2461257.2106622821 0.9999107791
2461257.2108220048 0.9997129522
2461257.2109817266 0.9999215455
2461257.2111414489 1.0008021871
2461257.2113011712 1.0001236108
2461257.2114608935 0.9998848150
2461257.2116206158 1.0002757054
2461257.2117803376 0.9998755846
2461257.2119400604 1.0008633708
2461257.2120997822 1.0011873122
2461257.2122595045 1.0003554278
2461257.2124192268 1.0010445004
2461257.2125789491 0.9997284617
2461257.2127386713 0.9990263005
2461257.2128983932 1.0008197583
2461257.2130581159 0.9992130218
2461257.2132178377 1.0003046695
2461257.2133775600 1.0000063648
2461257.2135372823 0.9997833587
2461257.2136970046 1.0003814032
2461257.2138567269 1.0009712176
2461257.2140164492 1.0008259217
2461257.2141761715 0.9990195136
2461257.2143358933 1.0002495600
2461257.2144956156 1.0004995552
2461257.2146553379 1.0002181788
2461257.2148150601 1.0009206371
2461257.2149747824 1.0002614347
2461257.2151345047 0.9992517347
2461257.2152942270 1.0009280302
2461257.2154539488 0.9993330719
2461257.2156136711 1.0008268971
2461257.2157733934 1.0004848379
2461257.2159331157 0.9998792578
2461257.2160928380 0.9995298185
2461257.2162525603 1.0003678321
2461257.2164122825 1.0004960385
2461257.2165720044 0.9999435814
2461257.2167317267 1.0003691861
2461257.2168914489 1.0004557243
2461257.2170511712 1.0003347057
2461257.2172108935 0.9996828822
2461257.2173706158 1.0019812755
2461257.2175303381 0.9998007213
2461257.2176900599 0.9995674619
2461257.2178497822 1.0005124059
2461257.2180095045 0.9998118476
2461257.2181692268 0.9998934014
2461257.2183289491 0.9996282785
2461257.2184886714 1.0000776214
2461257.2186483936 1.0008471797
2461257.2188081155 1.0005448427
2461257.2189678377 1.0006263590
2461257.2191275600 1.0010080065
2461257.2192872823 0.9994512463
2461257.2194470046 1.0008879113
2461257.2196067269 1.0007086503
2461257.2197664492 1.0009834653
2461257.2199261710 0.9997694385
2461257.2200858933 1.0002722425
2461257.2202456156 0.9993544205
2461257.2204053379 1.0006100193
2461257.2205650602 0.9987259893
2461257.2207247824 0.9999607910
2461257.2208845047 1.0010223228
2461257.2210442265 1.0002256685
2461257.2212039488 0.9997513025
2461257.2213636711 0.9993644096
2461257.2215233934 1.0008059783
2461257.2216831157 1.0013537302
2461257.2218428380 1.0010320054
2461257.2220025603 0.9991483056
2461257.2221622821 0.9999400231
2461257.2223220044 0.9998756112
2461257.2224817267 1.0012756008
2461257.2226414490 0.9994237504
2461257.2228011712 0.9999414181
2461257.2229608935 1.0002406342
2461257.2231206158 0.9994639870
2461257.2232803376 1.0000820289
2461257.2234400599 0.9990663338
2461257.2235997822 1.0003737831
2461257.2237595045 1.0003411995
2461257.2239192268 0.9998029861
2461257.2240789491 1.0001893571
2461257.2242386714 1.0001932893
2461257.2243983932 1.0004452823
2461257.2245581159 0.9983492134
2461257.2247178378 1.0002874039
2461257.2248775600 0.9998962242
2461257.2250372823 1.0015284167
2461257.2251970046 0.9994994096
2461257.2253567269 1.0000283972
2461257.2255164487 0.9996091798
2461257.2256761715 1.0009581978
2461257.2258358933 0.9998676242
2461257.2259956156 1.0007305522
2461257.2261553379 0.9998290181
2461257.2263150602 0.9995408353
2461257.2264747825 1.0006422266
2461257.2266345043 1.0003409477
2461257.2267942270 0.9989938203
2461257.2269539488 0.9992701644
2461257.2271136711 1.0008381537
2461257.2272733934 1.0004313378
2461257.2274331157 0.9991668990
2461257.2275928380 0.9998899196
2461257.2277525603 0.9994527401
2461257.2279122826 1.0006516061
2461257.2280720044 0.9999115593
2461257.2282317267 1.0003120254
2461257.2283914490 1.0009126519
2461257.2285511713 1.0009805048
2461257.2287108935 0.9999462821
2461257.2288706158 0.9997337999
2461257.2290303381 0.9999717624
2461257.2291900599 1.0009996376
2461257.2293497822 0.9998543631
2461257.2295095045 1.0007985252
2461257.2296692268 1.0005411697
2461257.2298289491 0.9992001639
2461257.2299886714 0.9993887268
2461257.2301483937 1.0018852389
2461257.2303081155 1.0015042570
2461257.2304678378 0.9996379025
2461257.2306275601 1.0010616837
2461257.2307872823 1.0008662692
2461257.2309470046 1.0010283164
2461257.2311067269 0.9997214381
2461257.2312664492 1.0002620093
2461257.2314261710 1.0004259508
2461257.2315858933 1.0010829627
2461257.2317456156 1.0003862559
2461257.2319053379 1.0004718950
2461257.2320650602 0.9998701884
2461257.2322247825 1.0009321389
2461257.2323845048 1.0002923291
2461257.2325442266 1.0006614524
2461257.2327039489 1.0000193066
2461257.2328636711 0.9991151755
2461257.2330233934 1.0006554658
2461257.2331831157 1.0016958116
2461257.2333428380 0.9990938313
2461257.2335025603 0.9995659002
2461257.2336622821 1.0000875430
2461257.2338220044 1.0005692150
2461257.2339817267 0.9993837442
2461257.2341414490 0.9986701446
2461257.2343011713 0.9996192181
2461257.2344608936 1.0010020863
2461257.2346206158 1.0022984322
2461257.2347803377 0.9990911247
2461257.2349400599 0.9992215925
2461257.2350997822 1.0000462775
2461257.2352595045 0.9992204039
2461257.2354192268 1.0009593966
2461257.2355789491 1.0005103644
2461257.2357386714 0.9999396644
2461257.2358983932 1.0005061258
2461257.2360581155 1.0001722473
2461257.2362178378 1.0010805922
2461257.2363775601 0.9992491423
2461257.2365372824 0.9996718269
2461257.2366970046 0.9995028401
2461257.2368567269 1.0019674012
2461257.2370164488 1.0001854249
2461257.2371761710 1.0009915872
2461257.2373358933 0.9989655244
2461257.2374956156 1.0004857792
2461257.2376553379 0.9999968527
2461257.2378150602 0.9979113165
2461257.2379747825 1.0003860873
2461257.2381345043 1.0006121066
2461257.2382942270 0.9986636884
2461257.2384539489 1.0000607032
2461257.2386136712 0.9998708843
2461257.2387733934 0.9999168312
2461257.2389331157 0.9993570993
2461257.2390928380 1.0004069181
2461257.2392525598 0.9996834245
2461257.2394122826 1.0003894084
2461257.2395720044 1.0005070695
2461257.2397317267 1.0004267090
2461257.2398914490 1.0020446106
2461257.2400511713 0.9986267969
2461257.2402108936 1.0001791522
2461257.2403706154 1.0003832307
2461257.2405303381 1.0014247628
2461257.2406900600 1.0001071915
2461257.2408497822 0.9998401613
2461257.2410095045 1.0006190983
2461257.2411692268 0.9996433522
2461257.2413289491 0.9998356085
2461257.2414886714 0.9994298004
2461257.2416483937 0.9992772547
2461257.2418081155 1.0004181637
2461257.2419678378 1.0012132510
2461257.2421275601 1.0011975513
2461257.2422872824 0.9997403852
2461257.2424470047 0.9996724891
2461257.2426067269 1.0003500464
2461257.2427664492 1.0008142404
2461257.2429261710 1.0000686677
2461257.2430858933 0.9999157670
2461257.2432456156 1.0004129562
2461257.2434053379 1.0007463654
2461257.2435650602 1.0002394096
2461257.2437247825 0.9991892753
2461257.2438845048 1.0006378756
2461257.2440442266 1.0007140079
2461257.2442039489 1.0011308582
2461257.2443636712 1.0001605122
2461257.2445233935 1.0002362903
2461257.2446831157 1.0023959805
2461257.2448428380 1.0004136561
2461257.2450025603 1.0008641632
2461257.2451622821 1.0004620998
2461257.2453220044 0.9993117594
2461257.2454817267 0.9994300434
2461257.2456414490 1.0004125304
2461257.2458011713 0.9992832998
2461257.2459608936 1.0006566850
2461257.2461206159 1.0008425709
2461257.2462803377 0.9992090696
2461257.2464400600 1.0011040147
2461257.2465997823 0.9998559895
2461257.2467595045 1.0021453432
2461257.2469192268 1.0013244607
2461257.2470789491 1.0000490648
2461257.2472386714 1.0001322599
2461257.2473983932 1.0002978027
2461257.2475581155 1.0001810565
2461257.2477178378 0.9988578658
2461257.2478775601 1.0001468445
2461257.2480372824 0.9999682765
2461257.2481970047 1.0018183656
2461257.2483567270 0.9999373797
2461257.2485164488 1.0001630398
2461257.2486761711 0.9990141166
2461257.2488358933 1.0001207723
2461257.2489956156 0.9987664192
2461257.2491553379 0.9996575474
2461257.2493150602 1.0012324681
2461257.2494747825 0.9999577006
2461257.2496345043 1.0001976276
2461257.2497942266 1.0005870137
2461257.2499539489 1.0007078902
2461257.2501136712 0.9996985774
2461257.2502733935 1.0001449214
2461257.2504331158 0.9999542106
2461257.2505928380 0.9998369985
2461257.2507525599 1.0003716511
2461257.2509122822 1.0008653446
2461257.2510720044 0.9992931275
2461257.2512317267 1.0000647538
2461257.2513914490 1.0001486060
2461257.2515511713 1.0010344424
2461257.2517108936 1.0001449008
2461257.2518706154 1.0003237237
2461257.2520303382 1.0008814663
2461257.2521900600 1.0009866558
2461257.2523497823 1.0003114215
2461257.2525095046 1.0010998468
2461257.2526692268 1.0003325230
2461257.2528289491 1.0004349769
2461257.2529886710 0.9994509907
2461257.2531483937 0.9993546752
2461257.2533081155 0.9996695285
2461257.2534678378 0.9990774466
2461257.2536275601 0.9999649413
2461257.2537872824 0.9985387887
2461257.2539470047 0.9989933902
2461257.2541067265 0.9982841533
2461257.2542664493 0.9994467499
2461257.2544261711 1.0003788942
2461257.2545858934 1.0004830279
2461257.2547456156 1.0005503781
2461257.2549053379 0.9992874798
2461257.2550650602 0.9998480461
2461257.2552247825 1.0003440411
2461257.2553845048 1.0003950890
2461257.2555442266 0.9998582087
2461257.2557039489 0.9995495446
2461257.2558636712 1.0000165704
2461257.2560233935 1.0009053148
2461257.2561831158 0.9988229552
2461257.2563428381 1.0003413697
2461257.2565025603 1.0008016114
2461257.2566622822 1.0004910147
2461257.2568220044 1.0007769503
2461257.2569817267 1.0006104989
2461257.2571414490 1.0001618405
2461257.2573011713 1.0003061918
2461257.2574608936 0.9999806501
2461257.2576206159 1.0000013958
2461257.2577803377 1.0005965373
2461257.2579400600 1.0011013392
2461257.2580997823 0.9991651871
2461257.2582595046 1.0003514202
2461257.2584192269 1.0001455731
2461257.2585789491 0.9993413107
2461257.2587386714 0.9997379481
2461257.2588983933 1.0000746198
2461257.2590581155 1.0006614628
2461257.2592178378 1.0001419649
2461257.2593775601 1.0006933970
2461257.2595372824 1.0008927177
2461257.2596970047 1.0002477860
2461257.2598567270 0.9990505926
2461257.2600164488 1.0004794930
2461257.2601761711 1.0014035598
2461257.2603358934 1.0007662235
2461257.2604956157 1.0002705851
2461257.2606553379 0.9998021657
2461257.2608150602 1.0000084569
2461257.2609747825 0.9995748695
2461257.2611345043 1.0017366215
2461257.2612942266 1.0006195846
2461257.2614539489 0.9993070266
2461257.2616136712 1.0005018054
2461257.2617733935 0.9995974471
2461257.2619331158 1.0004609935
2461257.2620928381 0.9999161821
2461257.2622525599 0.9995430628
2461257.2624122822 0.9982633780
2461257.2625720045 1.0009662631
2461257.2627317267 1.0007360984
2461257.2628914490 1.0003747735
2461257.2630511713 1.0003224815
2461257.2632108936 1.0006558771
2461257.2633706154 1.0013531523
2461257.2635303377 0.9998579613
2461257.2636900600 0.9992545513
2461257.2638497823 1.0002619771
2461257.2640095046 1.0004917944
2461257.2641692269 1.0004232057
2461257.2643289492 1.0010112383
2461257.2644886710 0.9992253841
2461257.2646483933 0.9999653311
2461257.2648081155 0.9994933070
2461257.2649678378 1.0007295324
2461257.2651275601 0.9991702062
2461257.2652872824 0.9996958969
2461257.2654470047 0.9996847541
2461257.2656067265 1.0008606464
2461257.2657664493 1.0006836790
2461257.2659261711 0.9999619891
2461257.2660858934 1.0014684561
2461257.2662456157 1.0006091696
2461257.2664053380 1.0009793486
2461257.2665650602 0.9998063419
2461257.2667247821 0.9987058883
2461257.2668845048 1.0003145718
