2461405.3285534405 1.0005247105
2461405.3287131628 1.0013169000
2461405.3288728851 1.0006733020
2461405.3290326074 1.0011131644
2461405.3291923292 1.0007253088
2461405.3293520515 1.0004343016
2461405.3295117738 1.0011392253
2461405.3296714961 1.0028607550
2461405.3298312183 1.0013638177
2461405.3299909406 1.0020060551
2461405.3301506629 1.0006980780
2461405.3303103847 1.0012673607
2461405.3304701070 1.0010405773
2461405.3306298293 1.0012772177
2461405.3307895516 1.0013162280
2461405.3309492739 1.0016021865
2461405.3311089962 1.0011123309
2461405.3312687185 1.0010921988
2461405.3314284403 1.0006791526
2461405.3315881626 0.9998311743
2461405.3317478849 1.0002954633
2461405.3319076071 1.0013138144
2461405.3320673294 0.9994877478
2461405.3322270517 1.0006890097
2461405.3323867740 1.0003691684
2461405.3325464958 0.9999635234
2461405.3327062181 1.0003918252
2461405.3328659404 1.0004322680
2461405.3330256627 1.0000907781
2461405.3331853850 1.0000906817
2461405.3333451073 1.0016567253
2461405.3335048296 0.9994518364
2461405.3336645514 1.0006523466
2461405.3338242737 1.0018027496
2461405.3339839960 1.0001450957
2461405.3341437182 1.0003800257
2461405.3343034405 1.0009791239
2461405.3344631628 1.0011639456
2461405.3346228851 1.0010344808
2461405.3347826069 0.9992982867
2461405.3349423292 1.0021066547
2461405.3351020515 1.0011177882
2461405.3352617738 1.0021967714
2461405.3354214961 1.0010000056
2461405.3355812184 1.0008410416
2461405.3357409406 1.0007108661
2461405.3359006625 1.0010700377
2461405.3360603848 1.0000551388
2461405.3362201070 1.0002075468
2461405.3363798293 1.0002461873
2461405.3365395516 1.0000381015
2461405.3366992739 1.0006781317
2461405.3368589962 1.0002392148
2461405.3370187180 1.0016426254
2461405.3371784403 1.0011707431
2461405.3373381626 1.0014984911
2461405.3374978849 1.0002986113
2461405.3376576072 0.9996556314
2461405.3378173294 0.9991272202
2461405.3379770517 0.9990418811
2461405.3381367736 0.9996834309
2461405.3382964958 1.0004487152
2461405.3384562181 1.0002094631
2461405.3386159404 1.0000645258
2461405.3387756627 1.0012392445
2461405.3389353850 1.0010981976
2461405.3390951073 1.0016517164
2461405.3392548291 1.0005925594
2461405.3394145519 1.0007323377
2461405.3395742737 1.0015090320
2461405.3397339960 1.0007964989
2461405.3398937183 1.0012213622
2461405.3400534405 1.0004156612
2461405.3402131628 1.0016058605
2461405.3403728846 0.9993689107
2461405.3405326074 1.0001888433
2461405.3406923292 1.0001747725
2461405.3408520515 0.9993094304
2461405.3410117738 1.0003259245
2461405.3411714961 1.0018675686
2461405.3413312184 1.0019620004
2461405.3414909402 0.9999444204
2461405.3416506629 1.0010348545
2461405.3418103848 1.0018468689
2461405.3419701071 1.0007677136
2461405.3421298293 1.0004967791
2461405.3422895516 0.9995597604
2461405.3424492739 0.9999378040
2461405.3426089957 0.9983491513
2461405.3427687185 0.9987770701
2461405.3429284403 1.0009147058
2461405.3430881626 0.9996458095
2461405.3432478849 1.0006365559
2461405.3434076072 1.0002998050
2461405.3435673295 0.9997110105
2461405.3437270517 1.0006071739
2461405.3438867740 0.9996789543
2461405.3440464959 1.0016796959
2461405.3442062181 0.9999329322
2461405.3443659404 1.0006363495
2461405.3445256627 1.0011117624
2461405.3446853850 0.9998050009
2461405.3448451073 1.0009374183
2461405.3450048296 1.0015360797
2461405.3451645514 1.0004897074
2461405.3453242737 1.0005796092
2461405.3454839960 0.9999894815
2461405.3456437183 0.9982437224
2461405.3458034405 0.9995425378
2461405.3459631628 1.0007783440
2461405.3461228851 0.9998709331
2461405.3462826069 0.9995306642
2461405.3464423292 1.0005912665
2461405.3466020515 0.9999434564
2461405.3467617738 1.0000355910
2461405.3469214961 0.9998612377
2461405.3470812184 1.0005580771
2461405.3472409407 1.0001345911
2461405.3474006625 0.9984591640
2461405.3475603848 1.0005029015
2461405.3477201071 0.9995843450
2461405.3478798294 0.9996564246
2461405.3480395516 1.0002681233
2461405.3481992739 0.9999077087
2461405.3483589962 1.0014166911
2461405.3485187180 0.9999397396
2461405.3486784403 1.0008290005
2461405.3488381626 0.9997770895
2461405.3489978849 0.9991515040
2461405.3491576072 1.0006774962
2461405.3493173295 1.0006130253
2461405.3494770518 1.0008145881
2461405.3496367736 0.9984338670
2461405.3497964959 0.9995516206
2461405.3499562182 0.9985470447
2461405.3501159404 1.0004637752
2461405.3502756627 0.9997464128
2461405.3504353850 0.9994270871
2461405.3505951073 1.0010447120
2461405.3507548291 1.0013177018
2461405.3509145514 0.9995579783
2461405.3510742737 0.9999351143
2461405.3512339960 1.0006300480
2461405.3513937183 0.9998909278
2461405.3515534406 0.9989060097
2461405.3517131628 0.9997867633
2461405.3518728847 1.0003076738
2461405.3520326070 0.9992926647
2461405.3521923292 0.9996970946
2461405.3523520515 0.9998168835
2461405.3525117738 0.9998433571
2461405.3526714961 1.0000474333
2461405.3528312184 1.0020830985
2461405.3529909402 0.9989981058
2461405.3531506630 0.9992773787
2461405.3533103848 0.9998623996
2461405.3534701071 0.9985786307
2461405.3536298294 1.0003322660
2461405.3537895516 1.0005035801
2461405.3539492739 0.9989151848
2461405.3541089958 1.0005287606
2461405.3542687185 0.9993738548
2461405.3544284403 1.0007900583
2461405.3545881626 1.0008930400
2461405.3547478849 0.9996740214
2461405.3549076072 1.0005654344
2461405.3550673295 0.9999118079
2461405.3552270513 1.0013867520
2461405.3553867741 0.9998992972
2461405.3555464959 1.0002962012
2461405.3557062182 1.0010121857
2461405.3558659405 0.9998469258
2461405.3560256627 1.0015483976
2461405.3561853850 0.9995577276
2461405.3563451068 1.0011859818
2461405.3565048296 1.0002464362
2461405.3566645514 0.9996921148
2461405.3568242737 1.0008185900
2461405.3569839960 1.0016454551
2461405.3571437183 1.0007373800
2461405.3573034406 0.9977669753
2461405.3574631629 0.9988030196
2461405.3576228851 0.9994131711
2461405.3577826070 1.0009360082
2461405.3579423293 1.0002197241
2461405.3581020515 1.0008243692
2461405.3582617738 1.0007474136
2461405.3584214961 1.0003739012
2461405.3585812184 1.0007073917
2461405.3587409407 0.9997920835
2461405.3589006625 1.0005545081
2461405.3590603848 0.9994204563
2461405.3592201071 0.9997827186
2461405.3593798294 0.9998001455
2461405.3595395517 0.9990269874
2461405.3596992739 1.0018326910
2461405.3598589962 0.9991304707
2461405.3600187181 1.0014459859
2461405.3601784403 1.0012570714
2461405.3603381626 0.9993128438
2461405.3604978849 1.0003519922
2461405.3606576072 0.9992399734
2461405.3608173295 0.9996632884
2461405.3609770518 0.9993084032
2461405.3611367736 1.0018319336
2461405.3612964959 1.0007918968
2461405.3614562182 1.0004660271
2461405.3616159405 0.9996946273
2461405.3617756628 1.0000832496
2461405.3619353850 0.9994280828
2461405.3620951073 0.9992676275
2461405.3622548291 1.0002461571
2461405.3624145514 0.9993145812
2461405.3625742737 0.9993391484
2461405.3627339960 1.0005954126
2461405.3628937183 1.0010853925
2461405.3630534406 1.0000535837
2461405.3632131629 0.9996465477
2461405.3633728847 1.0000652432
2461405.3635326070 1.0001891545
2461405.3636923293 0.9990534236
2461405.3638520516 1.0001169370
2461405.3640117738 0.9997569834
2461405.3641714961 0.9997719092
2461405.3643312184 1.0005124234
2461405.3644909402 0.9991747459
2461405.3646506625 1.0004387402
2461405.3648103848 1.0001065703
2461405.3649701071 1.0005883656
2461405.3651298294 1.0005804987
2461405.3652895517 1.0008542576
2461405.3654492740 0.9999054873
2461405.3656089958 1.0002679860
2461405.3657687181 1.0006627610
2461405.3659284404 0.9994330120
2461405.3660881626 0.9996299534
2461405.3662478849 1.0002755716
2461405.3664076072 1.0000984077
2461405.3665673295 0.9993229659
2461405.3667270513 0.9987219820
2461405.3668867741 1.0000305879
2461405.3670464959 0.9998546438
2461405.3672062182 1.0004852650
2461405.3673659405 1.0003838880
2461405.3675256628 1.0001443163
2461405.3676853850 0.9996758142
2461405.3678451069 0.9991262481
2461405.3680048296 1.0002573313
2461405.3681645514 0.9997173845
2461405.3683242737 1.0004898402
2461405.3684839960 0.9995084034
2461405.3686437183 0.9995303613
2461405.3688034406 0.9997836611
2461405.3689631624 1.0012754396
2461405.3691228852 1.0002746729
2461405.3692826070 0.9991570091
2461405.3694423293 1.0003705293
2461405.3696020516 1.0015521742
2461405.3697617739 0.9987273833
2461405.3699214961 0.9997772439
2461405.3700812180 1.0010012302
2461405.3702409407 0.9988911825
2461405.3704006625 0.9985676480
2461405.3705603848 1.0010154648
2461405.3707201071 1.0002789882
2461405.3708798294 1.0001390933
2461405.3710395517 1.0002315185
2461405.3711992740 1.0006070281
2461405.3713589963 0.9994140473
2461405.3715187181 0.9994479405
2461405.3716784404 0.9993535043
2461405.3718381627 1.0002662008
2461405.3719978849 1.0006191782
2461405.3721576072 0.9985778258
2461405.3723173295 0.9983841267
2461405.3724770518 0.9995242091
2461405.3726367736 1.0003641586
2461405.3727964959 0.9994041125
2461405.3729562182 1.0008700193
2461405.3731159405 0.9990462817
2461405.3732756628 1.0009851148
2461405.3734353851 0.9992878554
2461405.3735951073 0.9997363766
2461405.3737548292 1.0013191988
2461405.3739145515 0.9995067261
2461405.3740742737 0.9994405861
2461405.3742339960 0.9993863887
2461405.3743937183 0.9985656139
2461405.3745534406 1.0003229939
2461405.3747131629 1.0000992946
2461405.3748728847 1.0009983115
2461405.3750326070 0.9988233883
2461405.3751923293 1.0000326192
2461405.3753520516 1.0004506803
2461405.3755117739 1.0001695225
2461405.3756714961 0.9986918512
2461405.3758312184 0.9984753482
2461405.3759909403 0.9988845613
2461405.3761506625 1.0007129798
2461405.3763103848 1.0000070014
2461405.3764701071 0.9997219189
2461405.3766298294 0.9999085122
2461405.3767895517 1.0004045811
2461405.3769492740 0.9996584608
2461405.3771089958 1.0002181765
2461405.3772687181 0.9995698584
2461405.3774284404 1.0001797878
2461405.3775881627 0.9984561473
2461405.3777478850 1.0006246955
2461405.3779076072 0.9989115963
2461405.3780673295 1.0001583345
2461405.3782270513 0.9993134048
2461405.3783867736 0.9989428145
2461405.3785464959 0.9994292079
2461405.3787062182 1.0004914294
2461405.3788659405 0.9991305416
2461405.3790256628 1.0001114634
2461405.3791853851 0.9998962841
2461405.3793451069 1.0001750149
2461405.3795048292 0.9994498648
2461405.3796645515 1.0003732528
2461405.3798242738 1.0003833812
2461405.3799839960 1.0002055157
2461405.3801437183 0.9996901642
2461405.3803034406 1.0003165048
2461405.3804631624 0.9998573318
2461405.3806228852 1.0003602931
2461405.3807826070 0.9991854414
2461405.3809423293 1.0012442439
2461405.3811020516 0.9991995546
2461405.3812617739 1.0004083574
2461405.3814214962 1.0006626114
2461405.3815812180 1.0005039464
2461405.3817409407 0.9995206290
2461405.3819006626 1.0001080588
2461405.3820603848 0.9995848641
2461405.3822201071 0.9996729602
2461405.3823798294 0.9995777105
2461405.3825395517 0.9991888529
2461405.3826992735 1.0003003684
2461405.3828589963 1.0008274454
2461405.3830187181 0.9996635908
2461405.3831784404 1.0003349580
2461405.3833381627 1.0013177034
2461405.3834978850 0.9998956828
2461405.3836576072 1.0001932710
2461405.3838173291 0.9987029063
2461405.3839770518 1.0009865417
2461405.3841367736 1.0008020839
2461405.3842964959 1.0000738263
2461405.3844562182 1.0004777106
2461405.3846159405 0.9998123586
2461405.3847756628 0.9994203708
2461405.3849353851 0.9996538929
2461405.3850951074 1.0000020902
2461405.3852548292 1.0006523860
2461405.3854145515 0.9987804174
2461405.3855742738 0.9989099414
2461405.3857339961 0.9993799576
2461405.3858937183 0.9989065387
2461405.3860534406 1.0001570568
2461405.3862131629 1.0002271728
2461405.3863728847 1.0010212620
2461405.3865326070 0.9982556088
2461405.3866923293 1.0001274413
2461405.3868520516 0.9998430297
2461405.3870117739 0.9977775900
2461405.3871714962 0.9990624737
2461405.3873312185 0.9992979039
2461405.3874909403 1.0012884358
2461405.3876506626 0.9997761328
2461405.3878103849 0.9993240443
2461405.3879701071 0.9998192169
2461405.3881298294 0.9999166732
2461405.3882895517 1.0010619876
2461405.3884492740 0.9995549627
2461405.3886089958 1.0004396529
2461405.3887687181 0.9994567128
2461405.3889284404 1.0001783764
2461405.3890881627 1.0008075978
2461405.3892478850 1.0002029589
2461405.3894076073 0.9999669356
2461405.3895673295 1.0001102582
2461405.3897270514 0.9981697320
2461405.3898867737 1.0000905481
2461405.3900464959 0.9989135616
2461405.3902062182 1.0018986661
2461405.3903659405 0.9990421773
2461405.3905256628 1.0004647064
2461405.3906853851 1.0003861218
2461405.3908451069 0.9999501678
2461405.3910048292 0.9991107244
2461405.3911645515 0.9998275717
2461405.3913242738 1.0002086657
2461405.3914839961 1.0000661737
2461405.3916437184 0.9994727167
2461405.3918034406 0.9996801710
2461405.3919631625 1.0005296213
2461405.3921228847 0.9996379961
2461405.3922826070 1.0006642732
2461405.3924423293 0.9995791512
2461405.3926020516 0.9987721486
2461405.3927617739 1.0004008071
2461405.3929214962 0.9993179202
2461405.3930812180 1.0006834829
2461405.3932409403 0.9988315827
2461405.3934006626 1.0004288468
2461405.3935603849 1.0000211822
2461405.3937201072 0.9995098299
2461405.3938798294 0.9996814434
2461405.3940395517 0.9994397893
2461405.3941992735 1.0006459651
2461405.3943589963 0.9995668447
2461405.3945187181 1.0016082135
2461405.3946784404 1.0006249025
2461405.3948381627 0.9992505528
2461405.3949978850 1.0000719509
2461405.3951576073 0.9991006748
2461405.3953173291 0.9995926457
2461405.3954770518 1.0002044431
2461405.3956367737 0.9998225626
2461405.3957964960 0.9992900944
2461405.3959562182 1.0005822233
2461405.3961159405 0.9989260961
2461405.3962756628 0.9990487010
2461405.3964353846 1.0005488639
2461405.3965951074 0.9989750837
2461405.3967548292 1.0000535198
2461405.3969145515 1.0020352150
2461405.3970742738 0.9992899398
2461405.3972339961 1.0000328886
2461405.3973937184 1.0001740092
2461405.3975534402 0.9999359039
2461405.3977131629 1.0008213407
2461405.3978728848 1.0009787409
2461405.3980326070 0.9996748089
2461405.3981923293 0.9993988962
2461405.3983520516 0.9995097885
2461405.3985117739 0.9997017364
2461405.3986714962 0.9997181582
2461405.3988312185 0.9989023665
2461405.3989909403 1.0002147584
2461405.3991506626 1.0001444532
2461405.3993103849 1.0002064295
2461405.3994701072 0.9992168824
2461405.3996298295 1.0005151208
2461405.3997895517 0.9988443953
2461405.3999492740 0.9994044733
2461405.4001089958 1.0001411305
2461405.4002687181 0.9999627560
2461405.4004284404 1.0001864327
2461405.4005881627 1.0005660661
2461405.4007478850 0.9982100836
2461405.4009076073 1.0000177557
2461405.4010673296 0.9994817030
2461405.4012270514 0.9986542372
2461405.4013867737 1.0005458618
2461405.4015464960 0.9984726350
2461405.4017062183 0.9999866271
2461405.4018659405 0.9998140892
2461405.4020256628 0.9990521366
2461405.4021853851 1.0002957823
2461405.4023451069 0.9991533964
2461405.4025048292 0.9998346458
2461405.4026645515 1.0010833347
2461405.4028242738 1.0008871104
2461405.4029839961 0.9997301856
2461405.4031437184 0.9992876570
2461405.4033034407 1.0001418495
2461405.4034631625 0.9993029091
2461405.4036228848 1.0003919429
2461405.4037826071 0.9982399884
2461405.4039423293 1.0000623396
2461405.4041020516 0.9999014343
2461405.4042617739 0.9989258422
2461405.4044214962 0.9996522867
2461405.4045812180 0.9988369888
2461405.4047409403 1.0005829018
2461405.4049006626 0.9997778444
2461405.4050603849 0.9989370065
2461405.4052201072 0.9997061453
2461405.4053798295 1.0003856653
2461405.4055395517 0.9997322382
2461405.4056992736 1.0008057464
2461405.4058589959 1.0003230042
2461405.4060187181 1.0006735927
2461405.4061784404 1.0006109078
2461405.4063381627 0.9994266017
2461405.4064978850 0.9994589921
2461405.4066576073 1.0009481145
2461405.4068173291 1.0000634915
2461405.4069770514 1.0002048095
2461405.4071367737 1.0003128817
2461405.4072964960 1.0007127105
2461405.4074562183 1.0007405235
2461405.4076159406 0.9999312339
2461405.4077756628 1.0001743446
2461405.4079353847 0.9994846152
2461405.4080951074 1.0008041632
2461405.4082548292 1.0005510219
2461405.4084145515 1.0000934957
2461405.4085742738 0.9987917916
2461405.4087339961 0.9991429364
2461405.4088937184 0.9990282095
2461405.4090534402 1.0012356648
2461405.4092131630 0.9999609344
2461405.4093728848 1.0008413912
2461405.4095326071 0.9997410580
2461405.4096923294 0.9995245891
2461405.4098520516 1.0008356329
2461405.4100117739 0.9995866844
2461405.4101714958 0.9996341774
2461405.4103312185 1.0004072855
2461405.4104909403 0.9992162911
2461405.4106506626 1.0001471504
2461405.4108103849 1.0003049725
2461405.4109701072 0.9992756730
2461405.4111298295 0.9993232571
2461405.4112895513 1.0003281120
2461405.4114492740 0.9996419426
2461405.4116089959 0.9992572890
2461405.4117687182 1.0011805937
2461405.4119284404 1.0008944689
2461405.4120881627 0.9996578474
2461405.4122478850 1.0002583339
2461405.4124076073 1.0006850671
2461405.4125673296 0.9996019789
2461405.4127270514 0.9995885533
2461405.4128867737 0.9999926653
2461405.4130464960 1.0015321720
2461405.4132062183 0.9998733912
2461405.4133659406 0.9998071084
2461405.4135256629 0.9993496198
2461405.4136853851 0.9999140417
2461405.4138451070 1.0011562271
2461405.4140048292 1.0000922212
2461405.4141645515 1.0009148530
2461405.4143242738 1.0003734846
2461405.4144839961 1.0000783657
2461405.4146437184 1.0011615532
2461405.4148034407 0.9995522941
2461405.4149631625 0.9991207422
2461405.4151228848 0.9993633886
2461405.4152826071 0.9995053666
2461405.4154423294 1.0011246249
2461405.4156020517 0.9997925847
2461405.4157617739 1.0007976218
2461405.4159214962 0.9977784932
2461405.4160812180 1.0005628133
2461405.4162409403 1.0020537998
2461405.4164006626 0.9994943723
2461405.4165603849 0.9996286894
2461405.4167201072 0.9984312991
2461405.4168798295 1.0008993281
2461405.4170395518 1.0009638713
2461405.4171992736 0.9990315128
2461405.4173589959 0.9993617755
2461405.4175187182 1.0000268037
2461405.4176784405 1.0001186969
2461405.4178381627 0.9999999978
2461405.4179978850 1.0003627189
2461405.4181576073 0.9990181731
2461405.4183173291 1.0000345163
2461405.4184770514 0.9997758298
2461405.4186367737 0.9999730992
2461405.4187964960 0.9991825424
2461405.4189562183 0.9999529322
2461405.4191159406 1.0007708524
2461405.4192756629 0.9999714084
2461405.4194353847 1.0000111011
2461405.4195951070 0.9992310888
2461405.4197548293 0.9993451823
2461405.4199145515 0.9993528171
2461405.4200742738 0.9998603595
2461405.4202339961 1.0003260280
2461405.4203937184 1.0002432365
2461405.4205534402 0.9995099775
2461405.4207131625 1.0010561434
2461405.4208728848 1.0003264001
2461405.4210326071 0.9996653795
2461405.4211923294 1.0005887807
2461405.4213520517 0.9989854069
2461405.4215117740 0.9997173061
2461405.4216714958 0.9997312122
2461405.4218312181 0.9996826889
2461405.4219909403 1.0011155725
2461405.4221506626 1.0007811834
2461405.4223103849 0.9989935599
2461405.4224701072 1.0006003430
2461405.4226298295 1.0003937777
2461405.4227895513 1.0008750162
2461405.4229492741 0.9996061298
2461405.4231089959 1.0000103389
2461405.4232687182 1.0013401326
2461405.4234284405 0.9988667742
2461405.4235881628 0.9997173438
2461405.4237478850 1.0005168606
2461405.4239076069 1.0001198637
2461405.4240673296 1.0000002946
2461405.4242270514 1.0004765747
2461405.4243867737 0.9997856850
2461405.4245464960 1.0003247870
2461405.4247062183 0.9999790391
2461405.4248659406 0.9997722878
2461405.4250256624 1.0004347816
2461405.4251853852 1.0007523744
2461405.4253451070 1.0004656221
2461405.4255048293 1.0002623811
2461405.4256645516 1.0010880674
2461405.4258242738 1.0002755539
2461405.4259839961 0.9987039197
2461405.4261437184 0.9999789522
2461405.4263034407 0.9997025642
2461405.4264631625 1.0016793486
2461405.4266228848 0.9997420154
2461405.4267826071 0.9996721419
2461405.4269423294 1.0004647706
2461405.4271020517 1.0006239059
2461405.4272617740 0.9991702057
2461405.4274214962 0.9996801423
2461405.4275812181 0.9997784923
2461405.4277409404 0.9995611148
2461405.4279006626 0.9996073464
2461405.4280603849 0.9996527730
2461405.4282201072 1.0001310849
2461405.4283798295 0.9993029254
2461405.4285395518 1.0007031975
2461405.4286992736 0.9997523613
2461405.4288589959 0.9999733281
2461405.4290187182 0.9988231177
2461405.4291784405 0.9996836706
2461405.4293381628 1.0013139329
2461405.4294978851 0.9986070216
2461405.4296576073 1.0001890445
2461405.4298173292 1.0005215364
2461405.4299770514 0.9989696429
2461405.4301367737 0.9995344200
2461405.4302964960 0.9995225086
2461405.4304562183 1.0008525797
2461405.4306159406 1.0001235687
2461405.4307756629 0.9997720122
2461405.4309353847 0.9994652627
2461405.4310951070 0.9999381487
2461405.4312548293 0.9990702405
2461405.4314145516 0.9997110980
2461405.4315742739 0.9997845357
2461405.4317339961 0.9997900348
2461405.4318937184 1.0001011911
2461405.4320534403 1.0000709097
2461405.4322131625 1.0000863310
2461405.4323728848 1.0006469185
2461405.4325326071 0.9991718601
2461405.4326923294 0.9996259738
2461405.4328520517 1.0002532147
2461405.4330117740 1.0005547744
2461405.4331714958 0.9990367365
2461405.4333312181 0.9993550182
2461405.4334909404 0.9996444165
2461405.4336506627 1.0005361007
2461405.4338103849 1.0006964299
2461405.4339701072 0.9999775206
2461405.4341298295 0.9991389539
2461405.4342895513 1.0011719209
2461405.4344492736 1.0004218368
2461405.4346089959 0.9985471215
2461405.4347687182 0.9997878752
2461405.4349284405 0.9996200799
2461405.4350881628 0.9988566671
2461405.4352478851 1.0000746674
2461405.4354076069 0.9998494033
2461405.4355673292 0.9996893853
2461405.4357270515 1.0000225507
2461405.4358867737 1.0001722707
2461405.4360464960 0.9990241068
2461405.4362062183 0.9989996101
2461405.4363659406 0.9987823934
2461405.4365256624 1.0008617527
2461405.4366853852 0.9987172546
2461405.4368451070 1.0003838233
2461405.4370048293 0.9987416634
2461405.4371645516 1.0004281543
2461405.4373242739 0.9989267305
2461405.4374839962 1.0008965115
2461405.4376437180 0.9997977451
2461405.4378034407 0.9989838645
2461405.4379631625 0.9993568692
2461405.4381228848 0.9999440148
2461405.4382826071 0.9986470199
2461405.4384423294 1.0001397017
2461405.4386020517 0.9999024294
2461405.4387617735 0.9994056659
2461405.4389214963 1.0005697054
2461405.4390812181 0.9998424149
2461405.4392409404 1.0009704315
2461405.4394006627 0.9992800341
2461405.4395603850 1.0000331654
2461405.4397201072 0.9987139118
2461405.4398798295 1.0008032904
2461405.4400395518 1.0000097602
2461405.4401992736 1.0000146382
2461405.4403589959 1.0004250700
2461405.4405187182 0.9995267621
2461405.4406784405 1.0000574461
2461405.4408381628 0.9993152348
2461405.4409978851 0.9996957928
2461405.4411576074 0.9994739320
2461405.4413173292 0.9990982499
2461405.4414770515 0.9991697477
2461405.4416367738 0.9995752026
2461405.4417964960 0.9998877038
2461405.4419562183 1.0001339456
2461405.4421159406 1.0006253575
2461405.4422756629 0.9992833337
2461405.4424353847 0.9994579242
2461405.4425951070 1.0003006896
2461405.4427548293 0.9989954288
2461405.4429145516 0.9997373747
2461405.4430742739 0.9992382699
2461405.4432339962 0.9988423111
2461405.4433937185 0.9986665908
2461405.4435534403 1.0002393704
2461405.4437131626 1.0009531590
2461405.4438728848 1.0007373259
2461405.4440326071 1.0012096021
2461405.4441923294 1.0009568962
2461405.4443520517 1.0001491075
2461405.4445117740 1.0000681247
2461405.4446714958 0.9991526423
2461405.4448312181 0.9997086157
2461405.4449909404 1.0000793429
2461405.4451506627 0.9987311393
2461405.4453103850 1.0016484490
2461405.4454701073 0.9997457630
2461405.4456298295 1.0000290672
2461405.4457895514 1.0002105594
2461405.4459492736 1.0006466873
2461405.4461089959 1.0009921544
2461405.4462687182 0.9991088795
2461405.4464284405 0.9997715044
2461405.4465881628 1.0003122715
2461405.4467478851 0.9992498678
2461405.4469076069 1.0002834957
2461405.4470673292 1.0008619006
2461405.4472270515 0.9995417635
2461405.4473867738 1.0003537502
2461405.4475464961 1.0007152216
2461405.4477062183 0.9993591734
2461405.4478659406 1.0003520710
2461405.4480256625 1.0003651074
2461405.4481853847 0.9991681643
2461405.4483451070 0.9998152186
2461405.4485048293 1.0006392877
2461405.4486645516 0.9997240738
2461405.4488242739 1.0008045524
2461405.4489839962 1.0010843792
2461405.4491437180 1.0003715229
2461405.4493034403 0.9997228626
2461405.4494631626 0.9989134120
2461405.4496228849 0.9995110821
2461405.4497826071 0.9992873331
2461405.4499423294 1.0004541625
2461405.4501020517 1.0000712174
2461405.4502617735 0.9993858542
2461405.4504214963 1.0011697206
2461405.4505812181 1.0001519292
2461405.4507409404 1.0000340654
2461405.4509006627 1.0000589929
2461405.4510603850 0.9994639197
2461405.4512201073 0.9995256038
2461405.4513798291 0.9996332050
2461405.4515395518 0.9996408096
2461405.4516992737 1.0002777282
2461405.4518589959 0.9992129567
2461405.4520187182 1.0007634239
2461405.4521784405 1.0000529545
2461405.4523381628 1.0008170889
2461405.4524978846 0.9991126148
2461405.4526576074 0.9989061650
2461405.4528173292 0.9994969118
2461405.4529770515 0.9994792158
2461405.4531367738 0.9989225081
2461405.4532964961 0.9993918739
2461405.4534562184 0.9999785438
2461405.4536159406 1.0003281207
2461405.4537756629 1.0000272664
2461405.4539353848 1.0006611557
2461405.4540951070 1.0005350274
2461405.4542548293 0.9998133539
2461405.4544145516 1.0006010560
2461405.4545742739 0.9987047798
2461405.4547339962 1.0005366439
2461405.4548937185 0.9999842814
2461405.4550534403 1.0000660463
2461405.4552131626 1.0003326780
2461405.4553728849 1.0006900751
2461405.4555326072 0.9993703850
2461405.4556923294 1.0003759254
2461405.4558520517 1.0003756881
2461405.4560117740 0.9997746795
2461405.4561714958 0.9987658625
2461405.4563312181 1.0000077054
2461405.4564909404 0.9999624504
2461405.4566506627 0.9991715228
2461405.4568103850 1.0002076858
2461405.4569701073 1.0004137149
2461405.4571298296 1.0004339380
2461405.4572895514 0.9995122461
2461405.4574492737 1.0005846497
2461405.4576089960 0.9987647231
2461405.4577687182 0.9989977279
2461405.4579284405 0.9995879670
2461405.4580881628 1.0002287242
2461405.4582478851 0.9993498533
2461405.4584076069 1.0005901633
2461405.4585673292 0.9996919823
2461405.4587270515 0.9996528867
2461405.4588867738 0.9989440594
2461405.4590464961 0.9991765163
2461405.4592062184 1.0005031876
2461405.4593659407 1.0009662292
2461405.4595256625 0.9991102840
2461405.4596853848 0.9992219969
2461405.4598451070 0.9993908856
2461405.4600048293 1.0004167336
2461405.4601645516 0.9994928813
2461405.4603242739 0.9988824052
2461405.4604839962 1.0004814043
2461405.4606437180 0.9983651797
2461405.4608034403 0.9999940339
2461405.4609631626 0.9989310633
2461405.4611228849 0.9988495616
2461405.4612826072 0.9984962686
2461405.4614423295 0.9998226587
2461405.4616020517 0.9987329649
2461405.4617617736 0.9986941222
2461405.4619214959 0.9996266819
2461405.4620812181 1.0006009490
2461405.4622409404 1.0002333272
2461405.4624006627 0.9998916436
2461405.4625603850 0.9992303399
2461405.4627201073 1.0003939748
2461405.4628798291 1.0010714539
2461405.4630395514 0.9998308386
2461405.4631992737 1.0007299902
2461405.4633589960 0.9997843488
2461405.4635187183 1.0003893887
2461405.4636784405 1.0007038539
2461405.4638381628 0.9998750579
2461405.4639978847 1.0001862029
2461405.4641576074 0.9996618313
2461405.4643173292 1.0005526710
2461405.4644770515 1.0005645929
2461405.4646367738 0.9992835145
2461405.4647964961 0.9989772671
2461405.4649562184 0.9987229433
2461405.4651159402 0.9992361630
2461405.4652756630 1.0012843153
2461405.4654353848 0.9985768468
2461405.4655951071 1.0005727842
2461405.4657548293 1.0003371671
2461405.4659145516 1.0004224495
2461405.4660742739 0.9987306418
2461405.4662339957 1.0015325283
2461405.4663937185 1.0000421457
2461405.4665534403 1.0003142843
2461405.4667131626 0.9994925353
2461405.4668728849 0.9994984555
2461405.4670326072 0.9997900172
2461405.4671923295 1.0007299719
2461405.4673520518 0.9999977929
2461405.4675117740 1.0001342180
2461405.4676714959 0.9997000259
2461405.4678312181 0.9997946777
2461405.4679909404 0.9999785863
2461405.4681506627 0.9995835696
2461405.4683103850 0.9999102618
2461405.4684701073 0.9984742172
2461405.4686298296 0.9989450280
2461405.4687895514 0.9987827617
2461405.4689492737 1.0002492675
2461405.4691089960 1.0005628369
2461405.4692687183 0.9991845713
2461405.4694284406 1.0006374297
2461405.4695881628 0.9988386515
2461405.4697478851 0.9999191027
2461405.4699076070 0.9998708247
2461405.4700673292 0.9994211071
2461405.4702270515 0.9996103826
2461405.4703867738 0.9997008688
2461405.4705464961 0.9993018624
2461405.4707062184 1.0005855097
2461405.4708659407 1.0003819331
2461405.4710256625 1.0006576012
2461405.4711853848 1.0002349870
2461405.4713451071 0.9997415232
2461405.4715048294 0.9995631032
2461405.4716645516 0.9999129799
2461405.4718242739 0.9999340159
2461405.4719839962 0.9991123781
2461405.4721437180 0.9997669924
2461405.4723034403 1.0010120186
2461405.4724631626 1.0003607775
2461405.4726228849 1.0007218787
2461405.4727826072 0.9986307467
2461405.4729423295 0.9986392627
2461405.4731020518 1.0006918288
2461405.4732617736 0.9999741791
2461405.4734214959 0.9984024498
2461405.4735812182 0.9990141633
2461405.4737409404 1.0012365359
2461405.4739006627 1.0007020791
2461405.4740603850 1.0007690756
2461405.4742201073 1.0008999163
2461405.4743798291 1.0001553263
2461405.4745395514 0.9986860539
2461405.4746992737 0.9993026272
2461405.4748589960 0.9995038010
2461405.4750187183 0.9989515323
2461405.4751784406 0.9998587887
2461405.4753381629 0.9994790558
2461405.4754978847 1.0005424842
2461405.4756576070 0.9995279283
2461405.4758173293 1.0011905878
2461405.4759770515 1.0005131185
2461405.4761367738 1.0001666541
2461405.4762964961 0.9995486859
2461405.4764562184 0.9993866644
2461405.4766159402 1.0005270226
2461405.4767756625 0.9993276640
2461405.4769353848 0.9993836647
2461405.4770951071 1.0002790266
2461405.4772548294 1.0003460373
2461405.4774145517 0.9984671061
2461405.4775742739 1.0003587575
2461405.4777339958 0.9988438730
2461405.4778937185 0.9999972319
2461405.4780534403 0.9983159113
2461405.4782131626 0.9996220695
2461405.4783728849 0.9996194984
2461405.4785326072 1.0001006565
2461405.4786923295 0.9994168292
2461405.4788520513 1.0002374502
2461405.4790117741 0.9995572676
2461405.4791714959 1.0003455326
2461405.4793312182 0.9997435387
2461405.4794909405 0.9999958054
2461405.4796506627 1.0001599267
2461405.4798103850 0.9990705441
2461405.4799701069 0.9994298354
2461405.4801298296 0.9986648358
2461405.4802895514 0.9992908936
2461405.4804492737 0.9988914308
2461405.4806089960 0.9985897168
2461405.4807687183 1.0000539081
2461405.4809284406 0.9991138693
2461405.4810881629 0.9993632325
2461405.4812478852 1.0002154648
2461405.4814076070 1.0008392370
2461405.4815673293 1.0014232053
2461405.4817270515 0.9991430045
2461405.4818867738 0.9996169850
2461405.4820464961 1.0013021899
2461405.4822062184 1.0005161395
2461405.4823659407 0.9984578392
2461405.4825256625 0.9999918910
2461405.4826853848 0.9999057668
2461405.4828451071 0.9998592381
2461405.4830048294 0.9989833835
2461405.4831645517 1.0010246130
2461405.4833242740 0.9985877729
2461405.4834839962 1.0001983144
2461405.4836437181 0.9994660897
2461405.4838034404 0.9993782932
2461405.4839631626 1.0006999752
2461405.4841228849 1.0008971623
2461405.4842826072 1.0001952379
2461405.4844423295 1.0003175206
2461405.4846020518 1.0006668330
2461405.4847617736 0.9996638033
2461405.4849214959 1.0004802819
2461405.4850812182 0.9998167419
2461405.4852409405 0.9999716383
2461405.4854006628 0.9990847184
2461405.4855603850 0.9992733028
2461405.4857201073 0.9998356898
2461405.4858798292 0.9996918761
2461405.4860395514 0.9994175653
2461405.4861992737 1.0007224036
2461405.4863589960 1.0001860702
2461405.4865187183 1.0001162647
2461405.4866784406 0.9990621238
2461405.4868381629 0.9998052710
2461405.4869978847 0.9989003293
2461405.4871576070 0.9999020233
2461405.4873173293 0.9996469293
2461405.4874770516 0.9997975144
2461405.4876367738 0.9985413214
2461405.4877964961 1.0000583026
2461405.4879562184 1.0000108693
2461405.4881159402 1.0001204891
2461405.4882756625 1.0002458039
2461405.4884353848 1.0000817244
2461405.4885951071 0.9993916398
2461405.4887548294 0.9989119237
2461405.4889145517 1.0006464701
2461405.4890742740 1.0001459057
2461405.4892339958 1.0007984803
2461405.4893937181 1.0001056668
2461405.4895534404 1.0006194200
2461405.4897131626 1.0001389198
2461405.4898728849 0.9998684190
2461405.4900326072 1.0000613241
2461405.4901923295 0.9990289903
2461405.4903520513 1.0008929713
2461405.4905117736 0.9999123286
2461405.4906714959 0.9998463628
2461405.4908312182 1.0005770008
2461405.4909909405 1.0000724246
2461405.4911506628 1.0003680065
2461405.4913103851 1.0005933210
2461405.4914701069 1.0002641791
2461405.4916298296 1.0000749838
2461405.4917895515 0.9993525884
2461405.4919492737 0.9997354989
2461405.4921089960 0.9989720020
2461405.4922687183 0.9989503767
2461405.4924284406 0.9997560718
2461405.4925881624 0.9999485530
2461405.4927478852 0.9991171305
2461405.4929076070 0.9993589935
2461405.4930673293 1.0010067766
2461405.4932270516 1.0001955085
2461405.4933867739 0.9995188377
2461405.4935464961 1.0002312968
2461405.4937062180 0.9988809956
2461405.4938659407 0.9993431156
2461405.4940256625 1.0005051202
2461405.4941853848 0.9990005862
2461405.4943451071 0.9995444572
2461405.4945048294 1.0003378940
2461405.4946645517 0.9992835731
2461405.4948242740 0.9990233364
2461405.4949839963 0.9997918483
2461405.4951437181 0.9999886881
2461405.4953034404 0.9996068529
2461405.4954631627 1.0007781558
2461405.4956228849 1.0002947865
2461405.4957826072 1.0002455473
2461405.4959423295 0.9998642452
2461405.4961020518 0.9997881631
2461405.4962617736 1.0009673057
2461405.4964214959 1.0013785698
2461405.4965812182 0.9998963374
2461405.4967409405 1.0007778899
2461405.4969006628 0.9999400474
2461405.4970603851 0.9999605262
2461405.4972201074 0.9994487221
2461405.4973798292 0.9984817373
2461405.4975395515 1.0011375880
2461405.4976992738 1.0012023221
2461405.4978589960 1.0001345105
2461405.4980187183 0.9995767964
2461405.4981784406 0.9995087997
2461405.4983381629 0.9992777324
2461405.4984978847 1.0002050567
2461405.4986576070 0.9989115270
2461405.4988173293 1.0000436799
2461405.4989770516 0.9990801790
2461405.4991367739 1.0002909577
2461405.4992964962 0.9993506314
2461405.4994562184 0.9983484645
2461405.4996159403 1.0002796608
2461405.4997756626 0.9991895105
2461405.4999353848 0.9985924522
2461405.5000951071 0.9998859590
2461405.5002548294 0.9989800015
2461405.5004145517 1.0011738458
2461405.5005742740 0.9993896465
2461405.5007339958 1.0001719955
2461405.5008937181 1.0000508772
2461405.5010534404 1.0000826187
2461405.5012131627 1.0001010186
2461405.5013728850 0.9993818174
2461405.5015326072 1.0000396517
2461405.5016923295 0.9992758840
2461405.5018520514 1.0008480500
2461405.5020117736 0.9993666338
2461405.5021714959 0.9999737859
2461405.5023312182 1.0005018456
2461405.5024909405 0.9981896573
2461405.5026506628 1.0003267567
2461405.5028103851 1.0011294699
2461405.5029701069 0.9998875084
2461405.5031298292 1.0003729173
2461405.5032895515 0.9985016994
2461405.5034492738 1.0002906071
2461405.5036089960 0.9990871291
2461405.5037687183 1.0004436995
2461405.5039284406 0.9994813834
2461405.5040881624 0.9993625468
2461405.5042478847 1.0003327265
2461405.5044076070 0.9999874363
2461405.5045673293 0.9992936817
2461405.5047270516 1.0001517611
2461405.5048867739 1.0010684295
2461405.5050464962 1.0009023885
2461405.5052062180 1.0005164953
2461405.5053659407 1.0002013136
2461405.5055256626 1.0005601899
2461405.5056853849 0.9999312013
2461405.5058451071 1.0000604841
2461405.5060048294 1.0007950456
2461405.5061645517 0.9997737723
2461405.5063242735 0.9995012471
2461405.5064839963 1.0003723872
2461405.5066437181 0.9997696943
2461405.5068034404 0.9989242972
2461405.5069631627 1.0001167037
2461405.5071228850 1.0004377168
2461405.5072826073 1.0002662368
2461405.5074423291 1.0019120430
2461405.5076020518 1.0007750823
2461405.5077617737 0.9990230716
2461405.5079214959 1.0004675274
2461405.5080812182 0.9992170280
2461405.5082409405 0.9994795337
2461405.5084006628 0.9994697556
2461405.5085603851 1.0002629472
2461405.5087201074 1.0002723940
2461405.5088798292 0.9997674884
2461405.5090395515 0.9998988823
2461405.5091992738 1.0001462812
2461405.5093589961 1.0001503047
2461405.5095187183 1.0000199834
2461405.5096784406 0.9994293892
2461405.5098381629 1.0004594459
2461405.5099978847 1.0004321780
2461405.5101576070 1.0003293997
2461405.5103173293 1.0006022558
2461405.5104770516 0.9993920737
2461405.5106367739 1.0005517291
2461405.5107964962 0.9996386123
2461405.5109562185 1.0002262311
2461405.5111159403 0.9993535942
2461405.5112756626 1.0003031973
2461405.5114353849 1.0008883828
2461405.5115951071 1.0006924379
2461405.5117548294 1.0007037717
2461405.5119145517 0.9998828564
2461405.5120742740 1.0003873352
2461405.5122339958 1.0003863152
2461405.5123937181 0.9995139559
2461405.5125534404 0.9999338272
2461405.5127131627 0.9994214652
2461405.5128728850 1.0002500263
2461405.5130326073 0.9998784969
2461405.5131923296 1.0004779012
2461405.5133520514 1.0006564800
2461405.5135117737 1.0001433497
2461405.5136714960 0.9984712058
2461405.5138312182 0.9993542662
2461405.5139909405 1.0010214985
2461405.5141506628 1.0000240453
2461405.5143103851 0.9993298882
2461405.5144701069 0.9997956540
2461405.5146298292 1.0000000000
2461405.5147895515 1.0009911974
2461405.5149492738 1.0004094168
2461405.5151089961 1.0004083688
2461405.5152687184 1.0000208713
2461405.5154284406 0.9992704442
2461405.5155881625 0.9989154664
2461405.5157478848 0.9996846755
2461405.5159076070 1.0004867927
2461405.5160673293 1.0002764886
2461405.5162270516 0.9996532713
2461405.5163867739 0.9987142802
2461405.5165464962 1.0004543061
2461405.5167062180 1.0007284700
2461405.5168659403 0.9979260163
2461405.5170256626 0.9993673925
2461405.5171853849 1.0001672967
2461405.5173451072 0.9997628100
2461405.5175048294 0.9996803240
2461405.5176645517 1.0001702843
2461405.5178242736 1.0000825002
2461405.5179839958 0.9987403269
2461405.5181437181 1.0004356236
2461405.5183034404 1.0013070630
2461405.5184631627 0.9994031574
2461405.5186228850 1.0002881813
2461405.5187826073 1.0003498892
2461405.5189423291 1.0001469618
2461405.5191020519 1.0007187230
2461405.5192617737 1.0012935106
2461405.5194214960 1.0007464395
2461405.5195812183 1.0009839733
2461405.5197409405 0.9998199523
2461405.5199006628 0.9993879093
2461405.5200603846 1.0011547708
2461405.5202201074 0.9993431811
2461405.5203798292 1.0001533342
2461405.5205395515 1.0002963758
2461405.5206992738 1.0003578244
2461405.5208589961 1.0003586115
2461405.5210187184 0.9998400352
2461405.5211784402 1.0003201047
2461405.5213381629 1.0012365889
2461405.5214978848 0.9992798274
2461405.5216576071 0.9992696169
2461405.5218173293 0.9998149253
2461405.5219770516 0.9999206228
2461405.5221367739 1.0000325271
2461405.5222964957 0.9977227083
2461405.5224562185 1.0006218838
2461405.5226159403 0.9999710795
2461405.5227756626 1.0000646984
2461405.5229353849 0.9992735394
2461405.5230951072 0.9995038641
2461405.5232548295 0.9997224238
2461405.5234145517 1.0006518067
2461405.5235742740 1.0006270107
2461405.5237339959 1.0013619636
2461405.5238937181 1.0003056332
2461405.5240534404 0.9997597678
2461405.5242131627 1.0011610679
2461405.5243728850 1.0000935713
2461405.5245326073 0.9986858263
2461405.5246923296 0.9995322428
2461405.5248520514 1.0000485587
2461405.5250117737 1.0010813748
2461405.5251714960 0.9999752579
2461405.5253312183 0.9988824198
2461405.5254909405 1.0015058840
2461405.5256506628 0.9993412240
2461405.5258103851 1.0008114177
2461405.5259701069 1.0005931880
2461405.5261298292 1.0006044020
2461405.5262895515 0.9998359853
2461405.5264492738 0.9988985362
2461405.5266089961 1.0000803044
2461405.5267687184 0.9994290356
2461405.5269284407 0.9994128691
2461405.5270881625 0.9993345003
2461405.5272478848 1.0006723469
2461405.5274076071 0.9998189380
2461405.5275673294 0.9996656352
2461405.5277270516 0.9991722048
2461405.5278867739 0.9999123693
2461405.5280464962 0.9994032541
2461405.5282062180 1.0002899301
2461405.5283659403 1.0013031917
2461405.5285256626 0.9997537336
2461405.5286853849 0.9997965262
2461405.5288451072 0.9992825426
2461405.5290048295 0.9995951834
2461405.5291645518 1.0013902866
2461405.5293242736 1.0000538608
2461405.5294839959 1.0010617051
2461405.5296437182 0.9996567285
2461405.5298034404 0.9994110384
2461405.5299631627 0.9999194164
2461405.5301228850 1.0004401379
2461405.5302826073 0.9999547573
2461405.5304423291 1.0001830491
2461405.5306020514 1.0000642197
2461405.5307617737 1.0002544469
2461405.5309214960 1.0016733202
2461405.5310812183 0.9999993138
2461405.5312409406 0.9988641339
2461405.5314006628 1.0001095135
2461405.5315603847 1.0003247679
2461405.5317201070 0.9990874710
2461405.5318798292 1.0000349003
2461405.5320395515 1.0007679918
2461405.5321992738 0.9996884353
2461405.5323589961 1.0000694629
2461405.5325187184 1.0001307236
2461405.5326784402 1.0006093774
2461405.5328381630 0.9987880837
2461405.5329978848 1.0005005940
2461405.5331576071 1.0000230187
2461405.5333173294 0.9996967531
2461405.5334770516 0.9997013822
2461405.5336367739 1.0004844691
2461405.5337964958 0.9999173410
2461405.5339562185 0.9990954559
2461405.5341159403 1.0003071381
2461405.5342756626 0.9997719192
2461405.5344353849 0.9997517107
2461405.5345951072 0.9993122341
2461405.5347548295 0.9993749941
2461405.5349145513 1.0018374321
2461405.5350742741 0.9996738916
2461405.5352339959 1.0006688124
2461405.5353937182 1.0004438344
2461405.5355534405 0.9999761733
2461405.5357131627 1.0011740524
2461405.5358728850 0.9988000396
2461405.5360326068 1.0005331498
2461405.5361923296 1.0004566182
2461405.5363520514 0.9993661792
2461405.5365117737 0.9996366066
2461405.5366714960 0.9987414563
2461405.5368312183 0.9991992104
2461405.5369909406 0.9998478929
2461405.5371506629 0.9994265642
2461405.5373103851 0.9991402540
2461405.5374701070 1.0007314078
2461405.5376298293 1.0004706411
2461405.5377895515 1.0007225604
2461405.5379492738 1.0007199323
2461405.5381089961 1.0009439746
2461405.5382687184 1.0010807032
2461405.5384284407 1.0010149287
2461405.5385881625 1.0004782814
2461405.5387478848 0.9999002427
2461405.5389076071 1.0004248502
2461405.5390673294 0.9994363763
2461405.5392270517 1.0002778867
2461405.5393867739 1.0016002841
2461405.5395464962 1.0004822046
2461405.5397062181 1.0006058963
2461405.5398659403 0.9990424268
2461405.5400256626 0.9988064593
2461405.5401853849 0.9994721258
2461405.5403451072 1.0005510353
2461405.5405048295 1.0001255007
2461405.5406645518 0.9996462212
2461405.5408242736 0.9992673696
2461405.5409839959 1.0002245170
2461405.5411437182 0.9988970181
2461405.5413034405 0.9996130885
2461405.5414631628 0.9994256256
2461405.5416228850 1.0005393354
2461405.5417826073 1.0007773139
2461405.5419423291 1.0010903978
2461405.5421020514 1.0006719092
2461405.5422617737 1.0007447619
2461405.5424214960 1.0004304055
2461405.5425812183 0.9997074998
2461405.5427409406 1.0005553496
2461405.5429006629 1.0015356061
2461405.5430603847 0.9998643986
2461405.5432201070 1.0001744392
2461405.5433798293 1.0007248761
2461405.5435395516 0.9995553837
2461405.5436992738 1.0008104803
2461405.5438589961 1.0008099074
2461405.5440187184 0.9991969399
2461405.5441784402 0.9991597733
2461405.5443381625 1.0007145213
2461405.5444978848 1.0002096707
2461405.5446576071 0.9994044494
2461405.5448173294 0.9997534277
2461405.5449770517 1.0003629907
2461405.5451367740 1.0003206201
2461405.5452964958 0.9989540044
2461405.5454562181 0.9995762681
2461405.5456159404 0.9999693306
2461405.5457756626 1.0000622593
2461405.5459353849 0.9995129866
2461405.5460951072 1.0004146017
2461405.5462548295 1.0020470376
2461405.5464145513 0.9997330164
2461405.5465742741 0.9997834156
2461405.5467339959 1.0007693090
2461405.5468937182 1.0010494027
2461405.5470534405 1.0008027002
2461405.5472131628 0.9999113041
2461405.5473728850 1.0001025513
2461405.5475326069 1.0009687807
2461405.5476923296 1.0006905193
2461405.5478520514 0.9995627717
2461405.5480117737 1.0002597006
2461405.5481714960 0.9993637142
2461405.5483312183 1.0015882580
2461405.5484909406 0.9991122973
2461405.5486506624 1.0002621784
2461405.5488103852 0.9995506903
2461405.5489701070 0.9994945731
2461405.5491298293 1.0000525742
2461405.5492895516 1.0000131998
2461405.5494492739 0.9993464033
2461405.5496089961 1.0014585404
2461405.5497687180 1.0001003237
2461405.5499284407 1.0005260722
2461405.5500881625 0.9999214881
2461405.5502478848 0.9996848754
2461405.5504076071 0.9993607646
2461405.5505673294 0.9997835018
2461405.5507270517 0.9985676228
2461405.5508867740 0.9990925150
2461405.5510464963 0.9997184683
2461405.5512062181 0.9989023237
2461405.5513659404 1.0001427106
2461405.5515256627 1.0005856849
2461405.5516853849 1.0004877246
2461405.5518451072 1.0001529595
2461405.5520048295 1.0008444921
2461405.5521645518 0.9995174739
2461405.5523242736 1.0012726713
2461405.5524839959 0.9995801996
2461405.5526437182 1.0011204067
2461405.5528034405 1.0001937052
2461405.5529631628 0.9996497456
2461405.5531228851 1.0003014851
2461405.5532826073 0.9996833329
2461405.5534423292 0.9998775980
2461405.5536020515 0.9985491525
2461405.5537617737 1.0013634033
2461405.5539214960 1.0010375762
2461405.5540812183 0.9993382427
2461405.5542409406 0.9997019163
2461405.5544006629 1.0001014470
2461405.5545603847 0.9996891132
2461405.5547201070 0.9999529270
2461405.5548798293 0.9993578628
2461405.5550395516 1.0001184376
2461405.5551992739 0.9989313449
2461405.5553589961 0.9997279345
2461405.5555187184 0.9998971073
2461405.5556784403 1.0012214559
2461405.5558381625 0.9995185240
2461405.5559978848 1.0002693224
2461405.5561576071 1.0009029933
2461405.5563173294 1.0001009139
2461405.5564770517 0.9999590684
2461405.5566367740 0.9989634791
2461405.5567964958 0.9992784913
2461405.5569562181 1.0010067156
2461405.5571159404 0.9996846061
2461405.5572756627 0.9996998538
2461405.5574353850 1.0007018828
2461405.5575951072 0.9997230669
2461405.5577548295 1.0004462491
2461405.5579145513 1.0006545377
2461405.5580742736 0.9994647663
2461405.5582339959 0.9986783539
2461405.5583937182 1.0003952459
2461405.5585534405 0.9989319436
2461405.5587131628 0.9994450075
2461405.5588728851 1.0006425621
2461405.5590326069 1.0000165342
2461405.5591923292 1.0006721805
2461405.5593520515 0.9985298918
2461405.5595117738 0.9995944923
2461405.5596714960 1.0011958652
2461405.5598312183 1.0000788568
2461405.5599909406 1.0002613071
2461405.5601506624 0.9986538328
2461405.5603103852 1.0014022958
2461405.5604701070 0.9999182284
2461405.5606298293 0.9994245708
2461405.5607895516 0.9999197398
2461405.5609492739 0.9988857697
2461405.5611089962 1.0004165574
2461405.5612687180 0.9996037037
2461405.5614284407 1.0010068140
2461405.5615881626 1.0005735636
2461405.5617478848 0.9995583096
2461405.5619076071 1.0012010986
2461405.5620673294 0.9994371321
2461405.5622270517 0.9994122334
2461405.5623867735 1.0005655803
2461405.5625464963 0.9995239726
2461405.5627062181 1.0002148839
2461405.5628659404 0.9997725089
2461405.5630256627 1.0002023797
2461405.5631853850 1.0007185701
2461405.5633451072 1.0009532189
2461405.5635048291 0.9998502808
2461405.5636645518 0.9995412269
2461405.5638242736 1.0008519443
2461405.5639839959 0.9991012115
2461405.5641437182 1.0000292329
2461405.5643034405 0.9997264139
2461405.5644631628 0.9996919982
2461405.5646228851 0.9992180424
2461405.5647826074 0.9997680270
2461405.5649423292 1.0014850643
2461405.5651020515 0.9994293566
2461405.5652617738 0.9987607035
2461405.5654214961 1.0016685152
2461405.5655812183 1.0000226384
2461405.5657409406 0.9999249677
2461405.5659006629 1.0003005194
2461405.5660603847 0.9999521622
2461405.5662201070 0.9998304215
2461405.5663798293 0.9994916553
2461405.5665395516 0.9997613743
2461405.5666992739 0.9990829031
2461405.5668589962 1.0003181361
2461405.5670187185 1.0003974564
2461405.5671784403 1.0004503619
2461405.5673381626 0.9991444772
2461405.5674978849 1.0008127822
2461405.5676576071 1.0001916515
2461405.5678173294 1.0001657622
2461405.5679770517 0.9992858108
2461405.5681367740 0.9998422983
2461405.5682964958 1.0001132271
2461405.5684562181 1.0001067608
2461405.5686159404 0.9985966721
2461405.5687756627 1.0004353130
2461405.5689353850 0.9997052675
2461405.5690951073 1.0005563935
2461405.5692548295 0.9998462161
2461405.5694145514 0.9998061787
2461405.5695742737 0.9995160519
2461405.5697339959 0.9992240225
2461405.5698937182 1.0011043056
2461405.5700534405 0.9988504753
2461405.5702131628 0.9991529492
2461405.5703728851 0.9997668483
2461405.5705326069 0.9998774415
2461405.5706923292 0.9994672329
2461405.5708520515 1.0004494675
2461405.5710117738 1.0000021626
2461405.5711714961 0.9986429713
2461405.5713312184 1.0004580053
2461405.5714909406 1.0007282898
2461405.5716506625 1.0000765639
2461405.5718103847 1.0008236497
2461405.5719701070 1.0008516629
2461405.5721298293 0.9992970943
2461405.5722895516 1.0000008696
2461405.5724492739 0.9999609028
2461405.5726089962 0.9991174731
2461405.5727687180 1.0001577760
2461405.5729284403 0.9998095259
2461405.5730881626 0.9983854494
2461405.5732478849 0.9997835717
2461405.5734076072 1.0005432498
2461405.5735673294 1.0001937089
2461405.5737270517 1.0006796482
2461405.5738867735 1.0007844163
2461405.5740464963 1.0003204299
2461405.5742062181 1.0002196968
2461405.5743659404 1.0006171122
2461405.5745256627 0.9996832547
2461405.5746853850 0.9999320943
2461405.5748451073 0.9992283099
2461405.5750048291 1.0001449662
2461405.5751645518 1.0009167317
2461405.5753242737 1.0000982670
2461405.5754839960 1.0005974094
2461405.5756437182 0.9995346704
2461405.5758034405 1.0001221051
2461405.5759631628 1.0001451194
2461405.5761228846 1.0000064801
2461405.5762826074 0.9988712122
2461405.5764423292 1.0005546271
2461405.5766020515 1.0006862657
2461405.5767617738 1.0010192485
2461405.5769214961 0.9991141770
2461405.5770812184 0.9997129486
2461405.5772409402 1.0000572984
2461405.5774006629 1.0008185699
2461405.5775603848 0.9994278079
2461405.5777201070 1.0001222818
2461405.5778798293 0.9994350170
2461405.5780395516 0.9999020664
2461405.5781992739 1.0000761744
2461405.5783589962 0.9997772838
2461405.5785187185 0.9990329680
2461405.5786784403 1.0008538958
2461405.5788381626 1.0002907999
2461405.5789978849 0.9981321045
2461405.5791576072 0.9981909607
2461405.5793173295 0.9983541537
2461405.5794770517 0.9988081696
2461405.5796367740 0.9992123291
2461405.5797964958 1.0008765400
2461405.5799562181 1.0006916265
2461405.5801159404 1.0000412855
2461405.5802756627 0.9994733856
2461405.5804353850 0.9994629694
2461405.5805951073 0.9999179272
2461405.5807548296 1.0007927291
2461405.5809145514 1.0004200513
2461405.5810742737 1.0004496882
2461405.5812339960 0.9993033062
2461405.5813937183 0.9984905998
2461405.5815534405 0.9982486883
2461405.5817131628 1.0010390979
2461405.5818728851 1.0005811629
2461405.5820326069 0.9987466863
2461405.5821923292 0.9992234925
2461405.5823520515 1.0014021974
2461405.5825117738 0.9999195438
2461405.5826714961 1.0016381337
2461405.5828312184 0.9993719747
2461405.5829909407 0.9979265740
2461405.5831506625 1.0011278385
2461405.5833103848 0.9989566252
2461405.5834701071 0.9999161142
2461405.5836298293 1.0002753481
2461405.5837895516 0.9997117832
2461405.5839492739 0.9990186066
2461405.5841089962 0.9995055722
2461405.5842687180 1.0016741483
2461405.5844284403 0.9990049749
2461405.5845881626 0.9999918667
2461405.5847478849 0.9991567144
2461405.5849076072 0.9987140259
2461405.5850673295 0.9995979649
2461405.5852270517 1.0001286031
2461405.5853867736 0.9996599798
2461405.5855464959 1.0002265062
2461405.5857062181 0.9999833741
2461405.5858659404 0.9997986165
2461405.5860256627 1.0009324480
2461405.5861853850 0.9991835395
2461405.5863451073 1.0015734043
2461405.5865048291 1.0005609398
2461405.5866645514 1.0001478813
2461405.5868242737 1.0020412954
2461405.5869839960 1.0002075351
2461405.5871437183 0.9995595891
2461405.5873034406 0.9997090606
2461405.5874631628 0.9994784233
2461405.5876228847 0.9997473902
2461405.5877826074 1.0002388737
2461405.5879423292 0.9994492148
2461405.5881020515 0.9996514730
2461405.5882617738 0.9990118175
2461405.5884214961 0.9999160253
2461405.5885812184 0.9994550614
2461405.5887409402 1.0004235880
2461405.5889006630 0.9997299274
2461405.5890603848 0.9999795686
2461405.5892201071 1.0002248336
2461405.5893798294 0.9987147146
2461405.5895395516 0.9984851186
2461405.5896992739 0.9996002478
2461405.5898589958 0.9993263848
2461405.5900187185 0.9997774282
2461405.5901784403 0.9984984123
2461405.5903381626 0.9999827025
2461405.5904978849 0.9998238853
2461405.5906576072 1.0009450507
2461405.5908173295 0.9997238085
2461405.5909770513 0.9992482023
2461405.5911367740 0.9996709179
2461405.5912964959 1.0005627704
2461405.5914562182 0.9996551518
2461405.5916159404 0.9982357184
2461405.5917756627 1.0006557234
2461405.5919353850 1.0005728800
2461405.5920951073 1.0000738295
2461405.5922548296 0.9996464403
2461405.5924145514 0.9975724606
2461405.5925742737 1.0003498099
2461405.5927339960 0.9988237558
2461405.5928937183 0.9990214814
2461405.5930534406 1.0003924263
2461405.5932131629 0.9980982398
2461405.5933728851 0.9997901798
2461405.5935326070 0.9995537785
2461405.5936923292 1.0004878040
2461405.5938520515 0.9999054726
2461405.5940117738 0.9990206338
2461405.5941714961 0.9998372995
2461405.5943312184 0.9994857112
2461405.5944909407 0.9998946383
2461405.5946506625 1.0007458263
2461405.5948103848 1.0000771207
2461405.5949701071 0.9993367525
2461405.5951298294 0.9991789644
2461405.5952895517 1.0009737576
2461405.5954492739 1.0004525104
2461405.5956089962 0.9999380572
2461405.5957687180 1.0006007658
2461405.5959284403 0.9989988570
2461405.5960881626 1.0015184591
2461405.5962478849 1.0000466944
2461405.5964076072 1.0003717695
2461405.5965673295 0.9999587869
2461405.5967270518 0.9993864867
2461405.5968867736 0.9996703953
2461405.5970464959 0.9993638687
2461405.5972062182 1.0006245882
2461405.5973659405 1.0003939976
2461405.5975256627 1.0001703417
2461405.5976853850 1.0002170616
2461405.5978451073 1.0003609374
2461405.5980048291 0.9999033917
2461405.5981645514 1.0006840937
2461405.5983242737 1.0001441154
2461405.5984839960 0.9991726642
2461405.5986437183 1.0003143199
2461405.5988034406 1.0004312186
2461405.5989631629 1.0005864242
2461405.5991228847 0.9999560644
2461405.5992826070 0.9996965087
2461405.5994423293 0.9999433532
2461405.5996020515 0.9998293652
2461405.5997617738 0.9997997510
2461405.5999214961 0.9996573045
2461405.6000812184 1.0002807461
2461405.6002409402 1.0006033718
2461405.6004006625 0.9986103550
2461405.6005603848 0.9998177957
2461405.6007201071 0.9994325098
2461405.6008798294 0.9993315865
2461405.6010395517 1.0017056850
2461405.6011992740 1.0001750454
2461405.6013589958 1.0007207588
2461405.6015187181 0.9995919189
2461405.6016784403 1.0001236763
2461405.6018381626 0.9999703623
2461405.6019978849 1.0011928611
2461405.6021576072 1.0002298295
2461405.6023173295 1.0000403999
2461405.6024770513 1.0005689359
2461405.6026367741 1.0011551300
2461405.6027964959 1.0002973374
2461405.6029562182 0.9993036352
2461405.6031159405 0.9995493077
2461405.6032756628 0.9994083693
2461405.6034353850 1.0005239571
2461405.6035951069 1.0005475487
2461405.6037548296 1.0012887204
2461405.6039145514 0.9997865703
2461405.6040742737 1.0001820009
2461405.6042339960 0.9994753780
2461405.6043937183 1.0001117768
2461405.6045534406 1.0000885486
2461405.6047131624 1.0004409218
2461405.6048728852 0.9993687790
2461405.6050326070 1.0000270241
2461405.6051923293 0.9997437359
2461405.6053520516 1.0011726075
2461405.6055117738 1.0002671771
2461405.6056714961 0.9995504410
2461405.6058312184 1.0004000874
2461405.6059909407 0.9993379499
2461405.6061506625 1.0007334261
2461405.6063103848 1.0007444323
2461405.6064701071 1.0005764942
2461405.6066298294 0.9988137101
2461405.6067895517 1.0003433274
2461405.6069492740 0.9996251124
2461405.6071089962 0.9992971262
2461405.6072687181 1.0011004328
2461405.6074284404 1.0000326545
2461405.6075881626 1.0001239047
2461405.6077478849 0.9992741697
2461405.6079076072 1.0010143322
2461405.6080673295 0.9997774798
2461405.6082270518 0.9989036939
2461405.6083867736 1.0006242261
2461405.6085464959 0.9990488379
2461405.6087062182 0.9999658115
2461405.6088659405 0.9992880292
2461405.6090256628 0.9998909235
2461405.6091853851 1.0002183643
2461405.6093451073 0.9997310907
2461405.6095048292 1.0011362082
2461405.6096645514 0.9995491350
2461405.6098242737 1.0000677279
2461405.6099839960 0.9992726497
2461405.6101437183 0.9998390459
2461405.6103034406 0.9991801612
2461405.6104631629 0.9992497637
2461405.6106228847 1.0006799916
2461405.6107826070 1.0002757313
2461405.6109423293 1.0007655193
2461405.6111020516 1.0002433415
2461405.6112617739 1.0005928697
2461405.6114214961 0.9997241865
2461405.6115812184 1.0010158789
2461405.6117409403 0.9988169425
2461405.6119006625 1.0009883481
2461405.6120603848 0.9995938367
2461405.6122201071 0.9998041511
2461405.6123798294 1.0011591592
2461405.6125395517 1.0007361111
2461405.6126992740 0.9995891918
2461405.6128589958 1.0010220667
2461405.6130187181 1.0002423849
2461405.6131784404 0.9990614757
2461405.6133381627 1.0012200037
2461405.6134978849 1.0008480316
2461405.6136576072 1.0012947823
2461405.6138173295 1.0003017329
2461405.6139770513 1.0005789405
2461405.6141367736 1.0003357215
2461405.6142964959 0.9997411351
2461405.6144562182 0.9998666169
2461405.6146159405 1.0008791016
2461405.6147756628 0.9995436684
2461405.6149353851 1.0006961572
2461405.6150951069 0.9991244469
2461405.6152548292 0.9998970717
2461405.6154145515 1.0003934213
2461405.6155742737 0.9999361830
2461405.6157339960 0.9997842421
2461405.6158937183 1.0001218790
2461405.6160534406 0.9997449949
2461405.6162131624 1.0003027763
2461405.6163728852 0.9990142840
2461405.6165326070 1.0002176898
2461405.6166923293 0.9986723978
2461405.6168520516 0.9998980368
2461405.6170117739 0.9998575713
2461405.6171714962 0.9991003755
2461405.6173312180 0.9997299578
2461405.6174909407 1.0006675569
2461405.6176506625 0.9992757266
2461405.6178103848 0.9995258641
2461405.6179701071 1.0014500300
2461405.6181298294 0.9997796603
2461405.6182895517 0.9997848707
2461405.6184492735 1.0000444299
2461405.6186089963 1.0006510910
2461405.6187687181 1.0012260049
2461405.6189284404 1.0008308645
2461405.6190881627 1.0001697836
2461405.6192478850 0.9988327274
2461405.6194076072 0.9995097048
2461405.6195673295 0.9999162264
2461405.6197270518 1.0004078341
2461405.6198867736 1.0014331439
2461405.6200464959 1.0002931630
2461405.6202062182 1.0014360119
2461405.6203659405 1.0000331389
2461405.6205256628 0.9994469452
2461405.6206853851 1.0016729435
2461405.6208451074 1.0004001340
2461405.6210048292 1.0003671866
2461405.6211645515 0.9998962776
2461405.6213242738 1.0004857294
2461405.6214839960 1.0001051202
2461405.6216437183 1.0006185771
2461405.6218034406 1.0001622113
2461405.6219631629 0.9999020707
2461405.6221228847 1.0000360825
2461405.6222826070 1.0005632088
2461405.6224423293 1.0006258254
2461405.6226020516 1.0013846369
2461405.6227617739 1.0010400920
2461405.6229214962 0.9990989368
2461405.6230812185 1.0007174990
2461405.6232409403 0.9996549700
2461405.6234006626 1.0008090631
2461405.6235603848 1.0003468941
2461405.6237201071 1.0003516108
2461405.6238798294 1.0013028745
2461405.6240395517 0.9994104351
2461405.6241992740 0.9996820510
2461405.6243589958 0.9997849709
2461405.6245187181 0.9994056818
2461405.6246784404 1.0001512712
2461405.6248381627 0.9994466409
2461405.6249978850 1.0001227753
2461405.6251576073 0.9992046379
2461405.6253173295 0.9990770064
2461405.6254770514 1.0006705595
2461405.6256367736 0.9995624444
2461405.6257964959 1.0003810675
2461405.6259562182 0.9991923594
2461405.6261159405 1.0000171627
2461405.6262756628 0.9992432519
2461405.6264353851 0.9985485254
2461405.6265951069 1.0003607799
2461405.6267548292 0.9985393844
2461405.6269145515 0.9982682048
2461405.6270742738 0.9993613313
2461405.6272339961 0.9998892409
2461405.6273937183 0.9993435669
2461405.6275534406 1.0010857255
2461405.6277131625 1.0006319204
2461405.6278728847 1.0004088384
2461405.6280326070 0.9996857998
2461405.6281923293 1.0006265365
2461405.6283520516 1.0002616422
2461405.6285117739 0.9998381908
2461405.6286714962 1.0000860773
2461405.6288312180 0.9995259948
2461405.6289909403 1.0005009563
2461405.6291506626 0.9991131968
2461405.6293103849 0.9985074209
2461405.6294701071 0.9994926685
2461405.6296298294 1.0003842876
2461405.6297895517 1.0004219079
2461405.6299492735 0.9999324470
2461405.6301089963 1.0003315809
2461405.6302687181 1.0003453387
2461405.6304284404 0.9992178106
2461405.6305881627 0.9977446054
2461405.6307478850 1.0001156517
2461405.6309076073 0.9987250576
2461405.6310673291 1.0003003689
2461405.6312270518 1.0002551567
2461405.6313867737 1.0000672085
2461405.6315464959 1.0006908152
2461405.6317062182 0.9997512769
2461405.6318659405 1.0012846654
2461405.6320256628 0.9990925206
2461405.6321853846 0.9997598091
2461405.6323451074 1.0004820036
2461405.6325048292 1.0004061237
2461405.6326645515 0.9993596853
2461405.6328242738 1.0009261993
2461405.6329839961 1.0009358041
2461405.6331437184 0.9997180914
2461405.6333034406 1.0006809781
2461405.6334631629 0.9992534526
2461405.6336228848 0.9981683338
2461405.6337826070 1.0004494339
2461405.6339423293 0.9996595502
2461405.6341020516 1.0012970467
2461405.6342617739 1.0003909951
2461405.6344214962 1.0004870806
2461405.6345812185 1.0001652671
2461405.6347409403 1.0000066179
2461405.6349006626 0.9993806840
2461405.6350603849 1.0011105026
2461405.6352201072 1.0000792615
2461405.6353798294 1.0002229896
2461405.6355395517 1.0004955616
2461405.6356992740 0.9992594929
2461405.6358589958 0.9999337954
2461405.6360187181 0.9993136737
2461405.6361784404 0.9985993508
2461405.6363381627 0.9997221372
2461405.6364978850 1.0002542374
2461405.6366576073 0.9997111400
2461405.6368173296 0.9994090299
2461405.6369770514 0.9997497296
2461405.6371367737 0.9999124154
2461405.6372964960 0.9999947778
2461405.6374562182 1.0003093594
2461405.6376159405 0.9989572398
2461405.6377756628 1.0002917241
2461405.6379353851 1.0012788450
2461405.6380951069 0.9996171297
2461405.6382548292 1.0001171900
2461405.6384145515 0.9999818371
2461405.6385742738 1.0005529847
2461405.6387339961 0.9994763109
2461405.6388937184 1.0003310364
2461405.6390534407 0.9995656805
2461405.6392131625 0.9993104460
2461405.6393728848 0.9999428587
2461405.6395326070 1.0003052187
2461405.6396923293 1.0005999639
2461405.6398520516 0.9999366941
2461405.6400117739 0.9996181645
2461405.6401714962 0.9990917278
2461405.6403312180 1.0000052992
2461405.6404909403 0.9995286942
2461405.6406506626 1.0009196352
2461405.6408103849 1.0003858326
2461405.6409701072 1.0002067671
2461405.6411298295 0.9992852440
2461405.6412895517 1.0002599543
2461405.6414492736 1.0014068999
2461405.6416089959 0.9999266408
2461405.6417687181 0.9997859496
2461405.6419284404 0.9994771082
2461405.6420881627 1.0008215651
2461405.6422478850 0.9985894437
2461405.6424076073 0.9997545365
2461405.6425673291 0.9994575563
2461405.6427270514 0.9988151659
2461405.6428867737 1.0000401819
2461405.6430464960 1.0004101976
2461405.6432062183 1.0000988122
2461405.6433659405 0.9991949590
2461405.6435256628 0.9996475300
2461405.6436853847 1.0008976944
2461405.6438451074 0.9998217529
2461405.6440048292 1.0000839641
2461405.6441645515 0.9997953228
2461405.6443242738 0.9999362941
2461405.6444839961 1.0003692326
2461405.6446437184 0.9995317476
2461405.6448034402 1.0002891228
2461405.6449631630 0.9994369122
2461405.6451228848 1.0009959390
2461405.6452826071 1.0010807134
2461405.6454423293 1.0011373652
2461405.6456020516 0.9992988716
2461405.6457617739 0.9996367499
2461405.6459214957 0.9998139084
2461405.6460812185 1.0010506488
2461405.6462409403 1.0003721192
2461405.6464006626 1.0008572939
2461405.6465603849 0.9996898508
2461405.6467201072 0.9997384522
2461405.6468798295 0.9997715808
2461405.6470395518 0.9997678266
2461405.6471992740 1.0002897150
2461405.6473589959 0.9988593479
2461405.6475187181 1.0003669185
2461405.6476784404 1.0013645470
2461405.6478381627 0.9997009931
2461405.6479978850 1.0008604224
2461405.6481576073 0.9993511476
2461405.6483173296 1.0008556287
2461405.6484770514 1.0008407805
2461405.6486367737 1.0001648596
2461405.6487964960 1.0016995092
2461405.6489562183 1.0009812646
2461405.6491159406 0.9997793060
2461405.6492756628 0.9998154243
2461405.6494353851 1.0001420689
2461405.6495951070 0.9992898128
2461405.6497548292 1.0004065311
2461405.6499145515 0.9990403005
2461405.6500742738 0.9996472426
2461405.6502339961 1.0001706522
2461405.6503937184 1.0009259466
2461405.6505534407 0.9994576961
2461405.6507131625 1.0002403173
2461405.6508728848 0.9995950369
2461405.6510326071 0.9997953709
2461405.6511923294 1.0004778759
2461405.6513520516 0.9989869985
2461405.6515117739 1.0002195305
2461405.6516714962 1.0003086882
2461405.6518312180 1.0011799606
2461405.6519909403 1.0002014532
2461405.6521506626 0.9990027728
2461405.6523103849 0.9999477934
2461405.6524701072 1.0010239054
2461405.6526298295 0.9985990786
2461405.6527895518 0.9989356704
2461405.6529492736 1.0001647625
2461405.6531089959 1.0000924525
2461405.6532687182 1.0005616778
2461405.6534284404 1.0007261300
2461405.6535881627 1.0008584791
2461405.6537478850 0.9994788459
2461405.6539076073 0.9994339251
2461405.6540673291 0.9983109823
2461405.6542270514 0.9990545390
2461405.6543867737 0.9991708169
2461405.6545464960 0.9998165121
2461405.6547062183 0.9986874077
2461405.6548659406 1.0004069134
2461405.6550256629 0.9999122764
2461405.6551853847 1.0000526722
2461405.6553451070 0.9998516650
2461405.6555048293 1.0004934740
2461405.6556645515 1.0005488052
2461405.6558242738 0.9999747559
2461405.6559839961 1.0002112320
2461405.6561437184 0.9997746688
2461405.6563034402 0.9996567721
2461405.6564631625 1.0011395718
2461405.6566228848 1.0002729595
2461405.6567826071 1.0005208809
2461405.6569423294 1.0003452477
2461405.6571020517 1.0000464309
2461405.6572617739 0.9997645022
2461405.6574214958 0.9999333546
2461405.6575812185 1.0000793862
2461405.6577409403 1.0013880882
2461405.6579006626 1.0002903096
2461405.6580603849 0.9995011120
2461405.6582201072 1.0001980035
2461405.6583798295 0.9998583327
2461405.6585395513 0.9996946375
2461405.6586992741 1.0015167985
2461405.6588589959 0.9992413985
2461405.6590187182 1.0014827064
2461405.6591784405 0.9998719385
2461405.6593381627 1.0007696644
2461405.6594978850 1.0003285610
2461405.6596576069 0.9990800340
2461405.6598173296 1.0004885605
2461405.6599770514 0.9996992620
2461405.6601367737 1.0009512953
2461405.6602964960 1.0009933057
2461405.6604562183 1.0000563050
2461405.6606159406 1.0007274974
2461405.6607756629 0.9999628718
2461405.6609353852 0.9998828305
2461405.6610951070 1.0004629640
2461405.6612548293 0.9998824761
2461405.6614145515 1.0002483054
2461405.6615742738 0.9998611178
2461405.6617339961 0.9993549108
2461405.6618937184 1.0004841762
2461405.6620534407 1.0000506452
2461405.6622131625 0.9994062575
2461405.6623728848 1.0010733970
2461405.6625326071 0.9996783574
2461405.6626923294 0.9994752262
2461405.6628520517 1.0010720259
2461405.6630117740 1.0005057822
2461405.6631714962 0.9986572350
2461405.6633312181 0.9996203445
2461405.6634909404 1.0001647278
2461405.6636506626 0.9994216755
2461405.6638103849 1.0007894153
2461405.6639701072 0.9991298385
2461405.6641298295 1.0004370814
2461405.6642895518 0.9996478129
2461405.6644492736 1.0006892528
2461405.6646089959 1.0005901158
2461405.6647687182 1.0004861478
2461405.6649284405 1.0002162144
2461405.6650881628 0.9998973533
2461405.6652478850 1.0004306005
2461405.6654076073 1.0013358193
2461405.6655673292 1.0002397460
2461405.6657270514 1.0004395050
2461405.6658867737 1.0003061153
2461405.6660464960 0.9994503613
2461405.6662062183 1.0000723181
2461405.6663659406 1.0005681027
2461405.6665256629 0.9983630337
2461405.6666853847 0.9992493477
2461405.6668451070 1.0007043002
2461405.6670048293 1.0001954791
2461405.6671645516 0.9994068881
2461405.6673242738 0.9987118449
2461405.6674839961 1.0010902732
2461405.6676437184 0.9998295756
2461405.6678034402 1.0006018584
2461405.6679631625 0.9998325088
2461405.6681228848 1.0005252419
2461405.6682826071 0.9997324963
2461405.6684423294 1.0001041133
2461405.6686020517 1.0000159728
2461405.6687617740 0.9999885527
2461405.6689214958 0.9996469064
2461405.6690812181 0.9994772561
2461405.6692409404 0.9998193008
2461405.6694006626 1.0005322621
2461405.6695603849 0.9999583314
2461405.6697201072 1.0009614260
2461405.6698798295 0.9992349023
2461405.6700395513 0.9993978318
2461405.6701992736 0.9996793579
2461405.6703589959 0.9995402331
2461405.6705187182 1.0015549261
2461405.6706784405 0.9996526801
2461405.6708381628 1.0013520182
2461405.6709978851 1.0004552160
2461405.6711576069 1.0003241797
2461405.6713173296 0.9998089639
2461405.6714770515 0.9988427507
2461405.6716367737 1.0006170111
2461405.6717964960 0.9999674814
2461405.6719562183 0.9996742668
2461405.6721159406 1.0009822808
2461405.6722756624 0.9994180112
2461405.6724353852 0.9989914797
2461405.6725951070 1.0003811410
2461405.6727548293 1.0002994482
2461405.6729145516 1.0012034381
2461405.6730742739 0.9988837182
2461405.6732339961 1.0002295504
2461405.6733937180 0.9995197600
2461405.6735534407 0.9990981118
2461405.6737131625 0.9995238632
2461405.6738728848 1.0003980383
2461405.6740326071 1.0005661100
2461405.6741923294 1.0003511692
2461405.6743520517 1.0000459952
2461405.6745117740 0.9996619226
2461405.6746714963 1.0010526276
2461405.6748312181 0.9998263570
2461405.6749909404 0.9997790474
2461405.6751506627 1.0001351512
2461405.6753103849 1.0008146421
2461405.6754701072 1.0007890980
2461405.6756298295 1.0000181674
2461405.6757895518 0.9997352930
2461405.6759492736 1.0008790204
2461405.6761089959 0.9997928066
2461405.6762687182 1.0006071027
2461405.6764284405 1.0003534753
2461405.6765881628 1.0001727579
2461405.6767478851 1.0002733200
2461405.6769076074 1.0009982481
2461405.6770673292 0.9998200488
2461405.6772270515 1.0001089022
2461405.6773867738 0.9988198358
2461405.6775464960 0.9998738338
2461405.6777062183 0.9998952416
2461405.6778659406 0.9988809989
2461405.6780256629 1.0000372712
2461405.6781853847 0.9999455866
2461405.6783451070 0.9995550471
2461405.6785048293 0.9989334593
2461405.6786645516 0.9994337444
2461405.6788242739 1.0009250772
2461405.6789839962 0.9998024219
2461405.6791437184 1.0001620276
2461405.6793034403 1.0005792155
2461405.6794631626 1.0002454363
2461405.6796228848 1.0004957828
2461405.6797826071 1.0007655719
2461405.6799423294 0.9992116577
2461405.6801020517 1.0005119091
2461405.6802617740 1.0000680064
2461405.6804214958 0.9999341798
2461405.6805812181 1.0004914511
2461405.6807409404 0.9995707306
2461405.6809006627 1.0005379241
2461405.6810603850 1.0003809135
2461405.6812201072 0.9986557964
2461405.6813798295 0.9996573287
2461405.6815395514 1.0009197302
2461405.6816992736 1.0003874592
2461405.6818589959 0.9998011823
2461405.6820187182 1.0003234180
2461405.6821784405 0.9990798804
2461405.6823381628 1.0019407365
2461405.6824978851 1.0000220741
2461405.6826576069 0.9993504932
2461405.6828173292 1.0002282032
2461405.6829770515 0.9997618827
2461405.6831367738 0.9987962960
2461405.6832964960 1.0001422400
2461405.6834562183 0.9982072247
2461405.6836159406 0.9995351019
2461405.6837756624 1.0009081111
2461405.6839353847 1.0003788633
2461405.6840951070 0.9999128193
2461405.6842548293 0.9999207700
2461405.6844145516 0.9989406817
2461405.6845742739 1.0004449156
2461405.6847339962 1.0009928009
2461405.6848937180 0.9997458772
2461405.6850534407 0.9993276379
2461405.6852131626 0.9995985728
2461405.6853728849 1.0013119913
2461405.6855326071 1.0016321511
2461405.6856923294 1.0001618672
2461405.6858520517 1.0004208611
2461405.6860117735 1.0007700913
2461405.6861714963 1.0006989476
2461405.6863312181 0.9993909060
2461405.6864909404 1.0001974801
2461405.6866506627 1.0014525342
2461405.6868103850 1.0000289177
2461405.6869701073 1.0005229916
2461405.6871298291 1.0007927099
2461405.6872895518 1.0012908404
2461405.6874492737 0.9994941854
2461405.6876089959 1.0004096438
2461405.6877687182 1.0006323514
2461405.6879284405 1.0001969180
2461405.6880881628 1.0003106281
2461405.6882478851 1.0001050066
2461405.6884076074 1.0003845048
2461405.6885673292 0.9999826603
2461405.6887270515 0.9996950289
2461405.6888867738 1.0006365999
2461405.6890464961 0.9993501569
2461405.6892062183 0.9998947735
2461405.6893659406 0.9992504673
2461405.6895256629 1.0002986625
2461405.6896853847 0.9996977730
2461405.6898451070 0.9993409810
2461405.6900048293 1.0000395803
2461405.6901645516 0.9998663317
2461405.6903242739 0.9995880111
2461405.6904839962 0.9998452173
2461405.6906437185 1.0015440028
2461405.6908034403 0.9998653681
2461405.6909631626 0.9986082216
2461405.6911228849 0.9994449548
2461405.6912826071 0.9990474031
2461405.6914423294 0.9999470543
2461405.6916020517 0.9995406873
2461405.6917617740 1.0005864647
2461405.6919214958 0.9991532597
2461405.6920812181 0.9990211156
2461405.6922409404 1.0003257711
2461405.6924006627 1.0006744039
2461405.6925603850 0.9996686489
2461405.6927201073 0.9977400557
2461405.6928798296 0.9993979396
2461405.6930395514 0.9988642907
