2461603.1410328643 1.0028027307
2461603.1411925866 1.0029167956
2461603.1413523089 1.0026840349
2461603.1415120307 1.0026928617
2461603.1416717530 1.0025724829
2461603.1418314753 1.0018532702
2461603.1419911976 1.0008354858
2461603.1421509199 1.0030384407
2461603.1423106422 1.0024624133
2461603.1424703645 1.0014329787
2461603.1426300863 1.0019076261
2461603.1427898086 1.0021392977
2461603.1429495309 1.0013756721
2461603.1431092531 1.0011895122
2461603.1432689754 1.0025201166
2461603.1434286977 1.0026539776
2461603.1435884200 1.0026242843
2461603.1437481418 1.0011460739
2461603.1439078641 1.0022410991
2461603.1440675864 1.0022724506
2461603.1442273087 1.0012229401
2461603.1443870310 1.0023286955
2461603.1445467533 1.0016721872
2461603.1447064755 0.9998783503
2461603.1448661974 1.0008079863
2461603.1450259201 1.0020541052
2461603.1451856419 1.0016604093
2461603.1453453642 1.0023729801
2461603.1455050865 1.0030344170
2461603.1456648088 1.0015579704
2461603.1458245311 1.0010453644
2461603.1459842529 1.0019441158
2461603.1461439757 1.0021307891
2461603.1463036975 1.0013735443
2461603.1464634198 1.0023658561
2461603.1466231421 1.0013266022
2461603.1467828644 1.0018166884
2461603.1469425866 1.0013312063
2461603.1471023085 1.0015526873
2461603.1472620312 1.0011488667
2461603.1474217530 1.0002227162
2461603.1475814753 1.0012458700
2461603.1477411976 1.0016579600
2461603.1479009199 1.0010295498
2461603.1480606422 1.0015984108
2461603.1482203640 1.0013007371
2461603.1483800868 1.0005490782
2461603.1485398086 1.0008521722
2461603.1486995309 1.0012388358
2461603.1488592532 1.0016959843
2461603.1490189754 1.0012430718
2461603.1491786977 1.0000975346
2461603.1493384200 1.0006066555
2461603.1494981423 1.0012080878
2461603.1496578641 1.0010445690
2461603.1498175864 1.0010675645
2461603.1499773087 0.9996314556
2461603.1501370310 1.0004286876
2461603.1502967533 1.0013616594
2461603.1504564756 1.0016059396
2461603.1506161978 0.9999646371
2461603.1507759197 1.0005380608
2461603.1509356420 1.0013786017
2461603.1510953642 1.0010356411
2461603.1512550865 1.0008157695
2461603.1514148088 1.0013955814
2461603.1515745311 1.0011653011
2461603.1517342534 1.0019435468
2461603.1518939752 1.0001522420
2461603.1520536975 1.0002457878
2461603.1522134198 0.9997677903
2461603.1523731421 0.9995303326
2461603.1525328644 1.0004715920
2461603.1526925866 0.9997833242
2461603.1528523089 1.0006952449
2461603.1530120308 0.9996074346
2461603.1531717530 0.9996128821
2461603.1533314753 1.0000768433
2461603.1534911976 1.0004618409
2461603.1536509199 0.9998659885
2461603.1538106422 1.0015922828
2461603.1539703645 1.0008236183
2461603.1541300863 0.9990176447
2461603.1542898086 1.0006193431
2461603.1544495309 1.0005490233
2461603.1546092532 0.9995090650
2461603.1547689755 1.0011554255
2461603.1549286977 1.0015298433
2461603.1550884200 1.0015723115
2461603.1552481418 0.9997581181
2461603.1554078641 1.0010999950
2461603.1555675864 1.0004735749
2461603.1557273087 1.0004070459
2461603.1558870310 0.9996808609
2461603.1560467533 1.0009400821
2461603.1562064756 1.0007305268
2461603.1563661974 1.0001809866
2461603.1565259197 1.0009023627
2461603.1566856420 1.0007322169
2461603.1568453643 0.9998604294
2461603.1570050865 1.0000477135
2461603.1571648088 1.0011959206
2461603.1573245311 1.0008921775
2461603.1574842529 1.0002221136
2461603.1576439752 1.0000547153
2461603.1578036975 0.9997092974
2461603.1579634198 1.0004660800
2461603.1581231421 1.0006349899
2461603.1582828644 1.0003005840
2461603.1584425867 0.9996464522
2461603.1586023085 1.0002636703
2461603.1587620312 1.0011471740
2461603.1589217531 0.9989011914
2461603.1590814753 1.0001776731
2461603.1592411976 1.0001016436
2461603.1594009199 1.0002481913
2461603.1595606422 0.9996761883
2461603.1597203640 1.0002698028
2461603.1598800868 0.9991586376
2461603.1600398086 0.9986474214
2461603.1601995309 1.0009005387
2461603.1603592532 0.9992099953
2461603.1605189755 1.0013864330
2461603.1606786977 1.0006965861
2461603.1608384196 0.9997740053
2461603.1609981423 0.9989576641
2461603.1611578641 1.0004237905
2461603.1613175864 1.0001928086
2461603.1614773087 0.9997983781
2461603.1616370310 0.9996389272
2461603.1617967533 1.0004299958
2461603.1619564751 0.9996655508
2461603.1621161979 1.0013292078
2461603.1622759197 0.9992568933
2461603.1624356420 0.9997593647
2461603.1625953643 1.0001309948
2461603.1627550866 0.9998898926
2461603.1629148088 1.0008501767
2461603.1630745311 1.0000455031
2461603.1632342534 1.0002537581
2461603.1633939752 0.9993938171
2461603.1635536975 1.0001388480
2461603.1637134198 1.0006968943
2461603.1638731421 1.0004705758
2461603.1640328644 1.0007947211
2461603.1641925867 0.9986614333
2461603.1643523090 0.9989128619
2461603.1645120308 1.0001440915
2461603.1646717531 1.0001607808
2461603.1648314754 1.0010836912
2461603.1649911976 1.0000531463
2461603.1651509199 1.0013222513
2461603.1653106422 1.0007022256
2461603.1654703645 0.9992632604
2461603.1656300863 0.9993709521
2461603.1657898086 0.9995947359
2461603.1659495309 1.0002659701
2461603.1661092532 1.0001465499
2461603.1662689755 1.0006902490
2461603.1664286978 0.9999810622
2461603.1665884200 0.9999932196
2461603.1667481419 0.9999774887
2461603.1669078642 1.0006694813
2461603.1670675864 1.0010047638
2461603.1672273087 0.9999301126
2461603.1673870310 0.9998751180
2461603.1675467533 0.9995180664
2461603.1677064756 1.0005201574
2461603.1678661974 1.0013528623
2461603.1680259197 1.0000781492
2461603.1681856420 1.0008719627
2461603.1683453643 0.9997401879
2461603.1685050866 1.0002445139
2461603.1686648089 1.0002846178
2461603.1688245311 1.0003850452
2461603.1689842530 0.9997927093
2461603.1691439752 0.9997961566
2461603.1693036975 0.9997170620
2461603.1694634198 0.9990156605
2461603.1696231421 1.0003409955
2461603.1697828644 0.9998945639
2461603.1699425867 0.9999837906
2461603.1701023085 0.9993353690
2461603.1702620308 0.9998661343
2461603.1704217531 1.0009218401
2461603.1705814754 1.0007774817
2461603.1707411977 1.0005496514
2461603.1709009199 1.0014695041
2461603.1710606422 0.9994554822
2461603.1712203640 1.0007300542
2461603.1713800863 0.9996707804
2461603.1715398086 1.0003237824
2461603.1716995309 1.0003919789
2461603.1718592532 1.0006300212
2461603.1720189755 1.0004450160
2461603.1721786978 0.9996227094
2461603.1723384196 1.0002529459
2461603.1724981423 1.0004537414
2461603.1726578642 1.0003000458
2461603.1728175865 1.0007854574
2461603.1729773087 0.9998858781
2461603.1731370310 0.9992675742
2461603.1732967533 1.0007048510
2461603.1734564751 1.0018384586
2461603.1736161979 0.9998996355
2461603.1737759197 1.0004063526
2461603.1739356420 1.0002421575
2461603.1740953643 0.9987792892
2461603.1742550866 1.0003218184
2461603.1744148089 1.0012089320
2461603.1745745307 0.9998268029
2461603.1747342534 1.0003221915
2461603.1748939753 1.0008852709
2461603.1750536975 1.0001250757
2461603.1752134198 0.9996391329
2461603.1753731421 0.9992758142
2461603.1755328644 0.9993510591
2461603.1756925862 1.0016863601
2461603.1758523090 0.9992328157
2461603.1760120308 0.9996632449
2461603.1761717531 1.0000008681
2461603.1763314754 1.0001058953
2461603.1764911977 0.9998922459
2461603.1766509200 1.0002932108
2461603.1768106422 1.0000914138
2461603.1769703645 0.9999227586
2461603.1771300863 1.0001323291
2461603.1772898086 1.0001083555
2461603.1774495309 1.0002463733
2461603.1776092532 1.0001818618
2461603.1777689755 1.0008965520
2461603.1779286978 0.9995652024
2461603.1780884201 1.0002937813
2461603.1782481419 0.9990365645
2461603.1784078642 1.0004111581
2461603.1785675865 0.9989044101
2461603.1787273088 1.0007113941
2461603.1788870310 1.0002038057
2461603.1790467533 1.0011164781
2461603.1792064756 0.9999071843
2461603.1793661974 1.0001961640
2461603.1795259197 1.0007489579
2461603.1796856420 0.9991882612
2461603.1798453643 0.9997023331
2461603.1800050866 1.0008424860
2461603.1801648089 0.9996021428
2461603.1803245312 0.9998377255
2461603.1804842530 0.9993003532
2461603.1806439753 1.0002432146
2461603.1808036976 0.9986045702
2461603.1809634198 1.0005932425
2461603.1811231421 0.9996897697
2461603.1812828644 1.0008071412
2461603.1814425867 1.0002013207
2461603.1816023085 0.9994013051
2461603.1817620308 1.0001708671
2461603.1819217531 0.9991949998
2461603.1820814754 0.9986450747
2461603.1822411977 0.9989537890
2461603.1824009200 0.9999024622
2461603.1825606422 1.0002164086
2461603.1827203641 0.9994798190
2461603.1828800864 0.9998257597
2461603.1830398086 1.0006983030
2461603.1831995309 1.0002432657
2461603.1833592532 1.0005958254
2461603.1835189755 0.9997253891
2461603.1836786978 0.9995892843
2461603.1838384196 0.9998142244
2461603.1839981419 1.0005543172
2461603.1841578642 0.9998957126
2461603.1843175865 1.0011197875
2461603.1844773088 0.9994465460
2461603.1846370311 1.0011142892
2461603.1847967533 1.0007882138
2461603.1849564752 0.9993780169
2461603.1851161974 0.9998649972
2461603.1852759197 0.9998469165
2461603.1854356420 0.9998358057
2461603.1855953643 0.9998551232
2461603.1857550866 0.9990913097
2461603.1859148089 0.9995288677
2461603.1860745307 1.0011299294
2461603.1862342535 1.0001937273
2461603.1863939753 0.9995571708
2461603.1865536976 0.9998813235
2461603.1867134199 0.9993835131
2461603.1868731421 1.0006353933
2461603.1870328644 1.0007029900
2461603.1871925863 1.0010834565
2461603.1873523090 0.9989938150
2461603.1875120308 1.0000591006
2461603.1876717531 0.9988008605
2461603.1878314754 0.9991028776
2461603.1879911977 1.0005751167
2461603.1881509200 1.0009988718
2461603.1883106418 1.0002083503
2461603.1884703645 0.9992360396
2461603.1886300864 0.9999184784
2461603.1887898087 1.0002216414
2461603.1889495309 0.9998917892
2461603.1891092532 0.9998967373
2461603.1892689755 1.0005357650
2461603.1894286973 1.0011277635
2461603.1895884201 0.9989750905
2461603.1897481419 0.9994439882
2461603.1899078642 1.0003781748
2461603.1900675865 1.0000201417
2461603.1902273088 1.0010017887
2461603.1903870311 1.0001865063
2461603.1905467534 1.0005499425
2461603.1907064756 1.0006013143
2461603.1908661975 1.0009434952
2461603.1910259197 0.9995229756
2461603.1911856420 0.9996198700
2461603.1913453643 0.9998576587
2461603.1915050866 0.9997356130
2461603.1916648089 0.9996717227
2461603.1918245312 1.0012772983
2461603.1919842530 1.0000365712
2461603.1921439753 1.0003020790
2461603.1923036976 1.0001777343
2461603.1924634199 1.0002606005
2461603.1926231422 1.0000021509
2461603.1927828644 1.0006356369
2461603.1929425867 1.0001400445
2461603.1931023085 0.9995012349
2461603.1932620308 0.9997750620
2461603.1934217531 1.0018243133
2461603.1935814754 0.9998166201
2461603.1937411977 0.9996968957
2461603.1939009200 0.9999854412
2461603.1940606423 0.9989160443
2461603.1942203641 0.9988580324
2461603.1943800864 0.9997497933
2461603.1945398087 0.9996026974
2461603.1946995310 1.0002956781
2461603.1948592532 0.9991325468
2461603.1950189755 1.0002415382
2461603.1951786978 1.0000119826
2461603.1953384196 0.9998398038
2461603.1954981419 0.9994989803
2461603.1956578642 1.0005522381
2461603.1958175865 1.0001786469
2461603.1959773088 0.9998750329
2461603.1961370311 0.9983271135
2461603.1962967534 0.9995153712
2461603.1964564752 1.0003139781
2461603.1966161975 0.9996549255
2461603.1967759198 1.0006401561
2461603.1969356420 0.9990763125
2461603.1970953643 1.0002313883
2461603.1972550866 1.0006098794
2461603.1974148089 0.9993321411
2461603.1975745307 0.9994640067
2461603.1977342530 0.9998146469
2461603.1978939753 0.9986578739
2461603.1980536976 0.9995782107
2461603.1982134199 1.0002795791
2461603.1983731422 1.0006239205
2461603.1985328645 0.9988322954
2461603.1986925863 1.0005374358
2461603.1988523086 1.0001283260
2461603.1990120308 1.0002915216
2461603.1991717531 0.9999401749
2461603.1993314754 0.9995364070
2461603.1994911977 1.0005988033
2461603.1996509200 1.0012542318
2461603.1998106418 0.9996161282
2461603.1999703646 0.9993881943
2461603.2001300864 1.0008923816
2461603.2002898087 1.0004647846
2461603.2004495310 1.0008159463
2461603.2006092533 0.9998145705
2461603.2007689755 0.9990478476
2461603.2009286974 1.0000324714
2461603.2010884201 0.9994871408
2461603.2012481419 1.0007630184
2461603.2014078642 1.0018334233
2461603.2015675865 0.9994732743
2461603.2017273088 0.9989042250
2461603.2018870311 0.9995376385
2461603.2020467529 1.0006532332
2461603.2022064757 1.0003514308
2461603.2023661975 1.0001930710
2461603.2025259198 1.0000808993
2461603.2026856421 0.9992205877
2461603.2028453643 0.9994246430
2461603.2030050866 0.9998033870
2461603.2031648085 1.0000095967
2461603.2033245312 0.9994143024
2461603.2034842530 0.9992996085
2461603.2036439753 1.0004350576
2461603.2038036976 0.9994312974
2461603.2039634199 1.0004000192
2461603.2041231422 0.9991419900
2461603.2042828645 0.9997321169
2461603.2044425867 1.0007800846
2461603.2046023086 0.9991197888
2461603.2047620309 0.9995234942
2461603.2049217531 0.9998110227
2461603.2050814754 1.0008661530
2461603.2052411977 0.9993012968
2461603.2054009200 0.9992667747
2461603.2055606423 0.9987389114
2461603.2057203641 1.0002999592
2461603.2058800864 0.9999616748
2461603.2060398087 0.9991006576
2461603.2061995310 1.0011626135
2461603.2063592533 0.9993790208
2461603.2065189756 0.9988885760
2461603.2066786978 1.0004182482
2461603.2068384197 0.9994891788
2461603.2069981419 1.0015645180
2461603.2071578642 1.0011079635
2461603.2073175865 1.0013370628
2461603.2074773088 1.0004328625
2461603.2076370311 0.9991538025
2461603.2077967534 0.9996088494
2461603.2079564752 1.0004285735
2461603.2081161975 0.9999241618
2461603.2082759198 1.0000495671
2461603.2084356421 0.9998683701
2461603.2085953644 0.9997246141
2461603.2087550866 1.0002502432
2461603.2089148089 1.0001547961
2461603.2090745308 0.9999519132
2461603.2092342530 1.0007350187
2461603.2093939753 0.9994718957
2461603.2095536976 0.9990605203
2461603.2097134199 1.0007060406
2461603.2098731422 0.9992341328
2461603.2100328645 0.9997462358
2461603.2101925863 1.0015398799
2461603.2103523086 0.9997896434
2461603.2105120309 1.0009023939
2461603.2106717532 0.9999705040
2461603.2108314754 1.0004895998
2461603.2109911977 0.9990848750
2461603.2111509200 0.9989178098
2461603.2113106418 1.0008383410
2461603.2114703641 1.0015097124
2461603.2116300864 1.0001622069
2461603.2117898087 0.9997889810
2461603.2119495310 1.0001811125
2461603.2121092533 0.9999522783
2461603.2122689756 1.0007404624
2461603.2124286974 1.0003809288
2461603.2125884197 0.9993643927
2461603.2127481420 0.9998206966
2461603.2129078642 0.9998210280
2461603.2130675865 0.9999419006
2461603.2132273088 0.9995152622
2461603.2133870311 1.0010534120
2461603.2135467529 1.0006218106
2461603.2137064757 1.0008021436
2461603.2138661975 0.9990926424
2461603.2140259198 0.9996020536
2461603.2141856421 0.9995662835
2461603.2143453644 1.0004468931
2461603.2145050867 1.0009118233
2461603.2146648085 0.9987353167
2461603.2148245312 1.0000550535
2461603.2149842530 0.9993458928
2461603.2151439753 1.0005163615
2461603.2153036976 0.9997270708
2461603.2154634199 1.0001589252
2461603.2156231422 1.0000815307
2461603.2157828640 1.0001449300
2461603.2159425868 0.9992539471
2461603.2161023086 0.9999294739
2461603.2162620309 0.9997340669
2461603.2164217532 0.9992398719
2461603.2165814755 1.0006076529
2461603.2167411977 0.9999982179
2461603.2169009196 0.9995715265
2461603.2170606423 1.0011086851
2461603.2172203641 1.0002657486
2461603.2173800864 0.9998456191
2461603.2175398087 0.9993474762
2461603.2176995310 0.9996087793
2461603.2178592533 0.9989369796
2461603.2180189756 1.0004308971
2461603.2181786979 1.0005021736
2461603.2183384197 0.9987334601
2461603.2184981420 0.9995317146
2461603.2186578643 1.0001213648
2461603.2188175865 1.0003161232
2461603.2189773088 1.0000923826
2461603.2191370311 1.0000692091
2461603.2192967534 1.0002669942
2461603.2194564752 1.0003107220
2461603.2196161975 1.0002585243
2461603.2197759198 1.0008473699
2461603.2199356421 1.0002712799
2461603.2200953644 0.9999760434
2461603.2202550867 1.0001385891
2461603.2204148090 0.9995074242
2461603.2205745308 1.0004987741
2461603.2207342531 0.9992077867
2461603.2208939753 0.9991719467
2461603.2210536976 1.0022048889
2461603.2212134199 0.9991054313
2461603.2213731422 1.0023320384
2461603.2215328645 1.0009174118
2461603.2216925863 0.9997608725
2461603.2218523086 0.9989793469
2461603.2220120309 0.9999285185
2461603.2221717532 0.9993682427
2461603.2223314755 0.9995625424
2461603.2224911978 0.9985997798
2461603.2226509200 0.9985027894
2461603.2228106419 1.0008303027
2461603.2229703641 1.0014585658
2461603.2231300864 0.9995135397
2461603.2232898087 0.9996694022
2461603.2234495310 1.0014034327
2461603.2236092533 1.0009760087
2461603.2237689756 1.0008681215
2461603.2239286974 1.0002263066
2461603.2240884197 0.9988056288
2461603.2242481420 0.9999018089
2461603.2244078643 0.9998539118
2461603.2245675866 0.9990330185
2461603.2247273088 0.9997273773
2461603.2248870311 0.9994221207
2461603.2250467530 1.0009335750
2461603.2252064752 1.0007319765
2461603.2253661975 1.0000130534
2461603.2255259198 1.0009565457
2461603.2256856421 1.0006021842
2461603.2258453644 1.0002145214
2461603.2260050867 0.9999755886
2461603.2261648085 1.0013433582
2461603.2263245308 0.9988227847
2461603.2264842531 0.9992526290
2461603.2266439754 1.0001799050
2461603.2268036976 1.0001097711
2461603.2269634199 1.0007638850
2461603.2271231422 0.9998418381
2461603.2272828640 0.9999295703
2461603.2274425868 0.9997880521
2461603.2276023086 0.9982348912
2461603.2277620309 0.9994768538
2461603.2279217532 1.0003061808
2461603.2280814755 1.0006147712
2461603.2282411978 1.0013938955
2461603.2284009196 1.0003101680
2461603.2285606423 1.0008631629
2461603.2287203642 0.9995941303
2461603.2288800864 0.9998201131
2461603.2290398087 1.0003123074
2461603.2291995310 0.9987322717
2461603.2293592533 0.9996798598
2461603.2295189751 0.9994051329
2461603.2296786979 0.9998414580
2461603.2298384197 1.0007195809
2461603.2299981420 0.9995975556
2461603.2301578643 0.9989986776
2461603.2303175866 0.9989522958
2461603.2304773089 1.0009971228
2461603.2306370307 0.9995955849
2461603.2307967534 0.9991409580
2461603.2309564753 0.9983244885
2461603.2311161975 0.9993622329
2461603.2312759198 0.9993835729
2461603.2314356421 0.9997425008
2461603.2315953644 0.9995638243
2461603.2317550867 1.0006339540
2461603.2319148090 0.9990881218
2461603.2320745308 0.9992713154
2461603.2322342531 1.0000255451
2461603.2323939754 1.0004638918
2461603.2325536977 0.9984275745
2461603.2327134199 0.9999911573
2461603.2328731422 0.9991070251
2461603.2330328645 0.9987739497
2461603.2331925863 1.0006826492
2461603.2333523086 0.9985055091
2461603.2335120309 1.0001478276
2461603.2336717532 1.0008867939
2461603.2338314755 0.9995937533
2461603.2339911978 0.9992423974
2461603.2341509201 1.0000573463
2461603.2343106419 0.9998855539
2461603.2344703642 1.0001906398
2461603.2346300865 0.9999851833
2461603.2347898087 1.0011290610
2461603.2349495310 0.9994340169
2461603.2351092533 0.9994718338
2461603.2352689756 0.9991764606
2461603.2354286974 0.9995170204
2461603.2355884197 0.9997021444
2461603.2357481420 1.0000019428
2461603.2359078643 0.9980622750
2461603.2360675866 1.0004499698
2461603.2362273089 0.9995550520
2461603.2363870312 0.9991090692
2461603.2365467530 1.0007701310
2461603.2367064753 1.0014948591
2461603.2368661975 0.9997705979
2461603.2370259198 0.9990666477
2461603.2371856421 0.9997968497
2461603.2373453644 0.9992908443
2461603.2375050867 1.0000042952
2461603.2376648085 0.9999871576
2461603.2378245308 0.9988117890
2461603.2379842531 1.0001619479
2461603.2381439754 1.0009029055
2461603.2383036977 1.0006061994
2461603.2384634200 0.9993601969
2461603.2386231422 0.9995154094
2461603.2387828641 1.0003479476
2461603.2389425864 1.0002736877
2461603.2391023086 1.0001084622
2461603.2392620309 1.0003732519
2461603.2394217532 0.9994070160
2461603.2395814755 0.9992360696
2461603.2397411978 0.9996600540
2461603.2399009196 1.0009737520
2461603.2400606419 0.9995465917
2461603.2402203642 0.9990666825
2461603.2403800865 0.9998082421
2461603.2405398088 0.9993899829
2461603.2406995310 1.0003695083
2461603.2408592533 0.9990290447
2461603.2410189752 1.0002611798
2461603.2411786974 0.9993075684
2461603.2413384197 0.9986165084
2461603.2414981420 0.9997274991
2461603.2416578643 0.9995580172
2461603.2418175866 1.0001922591
2461603.2419773089 1.0013722250
2461603.2421370307 0.9992827615
2461603.2422967535 1.0003353664
2461603.2424564753 1.0024039121
2461603.2426161976 0.9999426680
2461603.2427759198 0.9989491291
2461603.2429356421 0.9993749612
2461603.2430953644 0.9992563356
2461603.2432550862 1.0004612812
2461603.2434148090 0.9997268843
2461603.2435745308 0.9994475159
2461603.2437342531 1.0000248647
2461603.2438939754 0.9995880416
2461603.2440536977 1.0000116348
2461603.2442134200 1.0002874758
2461603.2443731418 0.9999088770
2461603.2445328645 1.0008511294
2461603.2446925864 1.0010080769
2461603.2448523086 0.9996234312
2461603.2450120309 0.9997369874
2461603.2451717532 1.0004574032
2461603.2453314755 0.9991064687
2461603.2454911978 1.0000216392
2461603.2456509201 1.0002317910
2461603.2458106419 0.9994423431
2461603.2459703642 0.9997394859
2461603.2461300865 0.9987152242
2461603.2462898088 0.9998268335
2461603.2464495311 0.9997120325
2461603.2466092533 0.9990652084
2461603.2467689756 1.0005893316
2461603.2469286975 0.9996299944
2461603.2470884197 0.9998606322
2461603.2472481420 1.0001239591
2461603.2474078643 0.9992024166
2461603.2475675866 0.9997105705
2461603.2477273089 0.9997047975
2461603.2478870312 0.9995520020
2461603.2480467530 0.9997119278
2461603.2482064753 1.0006006185
2461603.2483661976 0.9992550279
2461603.2485259199 0.9989901909
2461603.2486856421 0.9993124734
2461603.2488453644 0.9994305066
2461603.2490050867 1.0005326163
2461603.2491648085 1.0001979353
2461603.2493245308 0.9996091176
2461603.2494842531 0.9991007506
2461603.2496439754 0.9994377464
2461603.2498036977 0.9993466929
2461603.2499634200 1.0000422706
2461603.2501231423 0.9993350241
2461603.2502828641 1.0005113961
2461603.2504425864 0.9999255400
2461603.2506023087 0.9994764166
2461603.2507620309 1.0002591283
2461603.2509217532 0.9996622053
2461603.2510814755 0.9991605504
2461603.2512411978 1.0002847408
2461603.2514009196 1.0011287469
2461603.2515606419 0.9991759234
2461603.2517203642 1.0005968315
2461603.2518800865 0.9993517534
2461603.2520398088 0.9998983979
2461603.2521995311 1.0006758183
2461603.2523592534 1.0006602754
2461603.2525189752 0.9995794825
2461603.2526786975 1.0004980185
2461603.2528384198 1.0006227371
2461603.2529981420 1.0000461036
2461603.2531578643 0.9993027684
2461603.2533175866 0.9994199801
2461603.2534773089 1.0002932408
2461603.2536370307 1.0009190315
2461603.2537967530 0.9998451530
2461603.2539564753 0.9997240609
2461603.2541161976 1.0001637318
2461603.2542759199 1.0006005097
2461603.2544356422 0.9992549195
2461603.2545953644 0.9996171948
2461603.2547550863 0.9997292578
2461603.2549148086 1.0007080780
2461603.2550745308 0.9991378195
2461603.2552342531 0.9987383646
2461603.2553939754 1.0009984253
2461603.2555536977 0.9998535863
2461603.2557134200 1.0003015239
2461603.2558731418 0.9999192347
2461603.2560328646 0.9988002892
2461603.2561925864 0.9989788175
2461603.2563523087 1.0013128112
2461603.2565120310 1.0000435684
2461603.2566717532 0.9997972216
2461603.2568314755 1.0015727821
2461603.2569911974 0.9999167949
2461603.2571509201 1.0007477305
2461603.2573106419 1.0011761170
2461603.2574703642 1.0007478526
2461603.2576300865 1.0010843220
2461603.2577898088 0.9978388591
2461603.2579495311 0.9991418886
2461603.2581092529 0.9996683888
2461603.2582689757 1.0004124800
2461603.2584286975 1.0001029872
2461603.2585884198 1.0002767921
2461603.2587481420 0.9998724837
2461603.2589078643 1.0001252534
2461603.2590675866 1.0002642401
2461603.2592273089 1.0000048732
2461603.2593870312 1.0008425840
2461603.2595467530 1.0002863333
2461603.2597064753 1.0001548139
2461603.2598661976 1.0006873797
2461603.2600259199 0.9990238307
2461603.2601856422 0.9995219113
2461603.2603453645 1.0007277700
2461603.2605050867 1.0004126839
2461603.2606648086 0.9995286950
2461603.2608245309 0.9994561531
2461603.2609842531 0.9990153466
2461603.2611439754 1.0002731244
2461603.2613036977 1.0005586149
2461603.2614634200 1.0000884821
2461603.2616231423 0.9989481347
2461603.2617828641 0.9981064264
2461603.2619425864 0.9996839341
2461603.2621023087 0.9993285319
2461603.2622620310 1.0006611273
2461603.2624217533 0.9986332661
2461603.2625814755 1.0002319745
2461603.2627411978 0.9998240916
2461603.2629009197 1.0001314237
2461603.2630606419 0.9995003137
2461603.2632203642 0.9976976614
2461603.2633800865 0.9999172487
2461603.2635398088 1.0002430241
2461603.2636995311 1.0009323775
2461603.2638592534 0.9997095010
2461603.2640189752 0.9995654910
2461603.2641786975 0.9996507091
2461603.2643384198 1.0001794362
2461603.2644981421 1.0001216431
2461603.2646578643 1.0006227181
2461603.2648175866 1.0015086919
2461603.2649773089 1.0008958801
2461603.2651370307 0.9998515624
2461603.2652967530 0.9985311448
2461603.2654564753 0.9997595932
2461603.2656161976 1.0012587783
2461603.2657759199 1.0001677147
2461603.2659356422 0.9998317588
2461603.2660953645 1.0006692827
2461603.2662550863 0.9993777284
2461603.2664148086 0.9992073705
2461603.2665745309 1.0010447327
2461603.2667342531 1.0006770408
2461603.2668939754 1.0007157803
2461603.2670536977 0.9989592137
2461603.2672134200 0.9987650058
2461603.2673731418 0.9993802372
2461603.2675328641 1.0005646522
2461603.2676925864 0.9991679878
2461603.2678523087 0.9994269009
2461603.2680120310 1.0002205376
2461603.2681717533 1.0008695161
2461603.2683314756 1.0017612699
2461603.2684911974 1.0001942910
2461603.2686509197 0.9993777307
2461603.2688106420 0.9993746690
2461603.2689703642 1.0004096433
2461603.2691300865 0.9986405362
2461603.2692898088 0.9987657672
2461603.2694495311 1.0006010281
2461603.2696092529 1.0012998347
2461603.2697689757 0.9987244961
2461603.2699286975 0.9998470502
2461603.2700884198 1.0009936040
2461603.2702481421 0.9992060930
2461603.2704078644 0.9992816946
2461603.2705675866 0.9994124727
2461603.2707273085 0.9992594471
2461603.2708870312 1.0000762905
2461603.2710467530 0.9998295347
2461603.2712064753 0.9997621987
2461603.2713661976 0.9998543692
2461603.2715259199 1.0002125812
2461603.2716856422 0.9990098572
2461603.2718453640 0.9997193047
2461603.2720050868 0.9999905084
2461603.2721648086 0.9997787620
2461603.2723245309 0.9998789382
2461603.2724842532 1.0003810728
2461603.2726439754 0.9998541107
2461603.2728036977 1.0003004784
2461603.2729634200 0.9992927916
2461603.2731231423 0.9996393321
2461603.2732828641 1.0001401013
2461603.2734425864 1.0001522555
2461603.2736023087 1.0000083758
2461603.2737620310 0.9996274694
2461603.2739217533 0.9992684791
2461603.2740814756 1.0010915144
2461603.2742411979 0.9991609217
2461603.2744009197 0.9998936690
2461603.2745606420 0.9999092584
2461603.2747203643 1.0000727204
2461603.2748800865 1.0015857252
2461603.2750398088 0.9994114082
2461603.2751995311 0.9994395757
2461603.2753592534 1.0004085594
2461603.2755189752 1.0005755445
2461603.2756786975 1.0007652007
2461603.2758384198 0.9990470098
2461603.2759981421 0.9989855161
2461603.2761578644 1.0000412688
2461603.2763175867 1.0012470580
2461603.2764773089 0.9997929616
2461603.2766370308 0.9999330652
2461603.2767967531 1.0005703253
2461603.2769564753 0.9998718662
2461603.2771161976 0.9997082492
2461603.2772759199 1.0005373788
2461603.2774356422 0.9997540173
2461603.2775953645 1.0002569440
2461603.2777550863 0.9994136751
2461603.2779148086 1.0015395700
2461603.2780745309 0.9991256977
2461603.2782342532 0.9991343902
2461603.2783939755 1.0005046505
2461603.2785536977 0.9997754770
2461603.2787134200 1.0003428845
2461603.2788731419 0.9995467271
2461603.2790328641 0.9984661933
2461603.2791925864 1.0000153579
2461603.2793523087 1.0011339458
2461603.2795120310 1.0001539934
2461603.2796717533 1.0007833920
2461603.2798314756 1.0010013820
2461603.2799911974 1.0001358846
2461603.2801509197 1.0008735745
2461603.2803106420 0.9999760516
2461603.2804703643 0.9985724952
2461603.2806300865 1.0007421074
2461603.2807898088 1.0007648590
2461603.2809495311 1.0000925842
2461603.2811092529 1.0022517409
2461603.2812689752 1.0000891755
2461603.2814286975 1.0001534279
2461603.2815884198 0.9981845165
2461603.2817481421 1.0003892459
2461603.2819078644 1.0003227483
2461603.2820675867 0.9996783181
2461603.2822273085 1.0001238854
2461603.2823870308 0.9987625084
2461603.2825467531 1.0007974250
2461603.2827064754 0.9989822286
2461603.2828661976 1.0001029092
2461603.2830259199 1.0004849206
2461603.2831856422 0.9996708186
2461603.2833453640 0.9995353127
2461603.2835050868 0.9991256730
2461603.2836648086 1.0005487538
2461603.2838245309 1.0016593575
2461603.2839842532 0.9996738873
2461603.2841439755 0.9998439733
2461603.2843036978 0.9998221676
2461603.2844634196 0.9998683216
2461603.2846231423 1.0001341090
2461603.2847828642 1.0011036832
2461603.2849425864 0.9993878749
2461603.2851023087 1.0008226096
2461603.2852620310 0.9999841308
2461603.2854217533 0.9997428109
2461603.2855814751 0.9995827368
2461603.2857411979 1.0000440827
2461603.2859009197 1.0000515737
2461603.2860606420 1.0007123163
2461603.2862203643 1.0008525328
2461603.2863800866 1.0005455201
2461603.2865398088 0.9984898516
2461603.2866995311 1.0011087304
2461603.2868592534 1.0009245461
2461603.2870189752 0.9988494212
2461603.2871786975 1.0013203880
2461603.2873384198 1.0006273476
2461603.2874981421 0.9992845403
2461603.2876578644 0.9995469333
2461603.2878175867 1.0003357308
2461603.2879773090 0.9992771823
2461603.2881370308 1.0007006660
2461603.2882967531 1.0003565660
2461603.2884564754 1.0005265437
2461603.2886161976 1.0008441848
2461603.2887759199 0.9995066610
2461603.2889356422 0.9999365964
2461603.2890953645 1.0002093422
2461603.2892550863 0.9989766361
2461603.2894148086 0.9991740935
2461603.2895745309 0.9994009246
2461603.2897342532 0.9994632986
2461603.2898939755 0.9988644168
2461603.2900536978 1.0011926773
2461603.2902134201 1.0008248796
2461603.2903731419 1.0005497131
2461603.2905328642 1.0001660942
2461603.2906925865 1.0001713936
2461603.2908523087 1.0001375579
2461603.2910120310 0.9998854705
2461603.2911717533 1.0004885602
2461603.2913314756 0.9998515896
2461603.2914911974 0.9995851016
2461603.2916509197 0.9994814199
2461603.2918106420 0.9997468226
2461603.2919703643 0.9995597153
2461603.2921300866 0.9996322378
2461603.2922898089 0.9995217931
2461603.2924495311 1.0005328748
2461603.2926092530 1.0001732536
2461603.2927689753 0.9995877383
2461603.2929286975 0.9998546385
2461603.2930884198 0.9999185681
2461603.2932481421 1.0002599767
2461603.2934078644 0.9990193770
2461603.2935675867 1.0010908781
2461603.2937273085 1.0016002251
2461603.2938870308 1.0001338573
2461603.2940467531 0.9996589330
2461603.2942064754 1.0001609268
2461603.2943661977 0.9997114220
2461603.2945259199 1.0000032399
2461603.2946856422 1.0000585957
2461603.2948453641 0.9995549512
2461603.2950050863 0.9995927362
2461603.2951648086 0.9997241378
2461603.2953245309 0.9989939921
2461603.2954842532 1.0009657475
2461603.2956439755 1.0007868894
2461603.2958036978 0.9998743204
2461603.2959634196 0.9992075896
2461603.2961231419 0.9999351299
2461603.2962828642 1.0000810148
2461603.2964425865 0.9993904228
2461603.2966023088 0.9995393219
2461603.2967620310 1.0000538563
2461603.2969217533 0.9996924497
2461603.2970814751 0.9985604621
2461603.2972411979 1.0007717467
2461603.2974009197 1.0005866176
2461603.2975606420 0.9999833243
2461603.2977203643 0.9993158593
2461603.2978800866 0.9983807266
2461603.2980398089 1.0012488263
2461603.2981995307 0.9996759803
2461603.2983592534 1.0010612803
2461603.2985189753 1.0000972640
2461603.2986786976 1.0004330036
2461603.2988384198 1.0004591059
2461603.2989981421 0.9997109898
2461603.2991578644 0.9994659453
2461603.2993175862 0.9995021251
2461603.2994773090 0.9989012077
2461603.2996370308 1.0002835965
2461603.2997967531 0.9993789221
2461603.2999564754 1.0012423115
2461603.3001161977 0.9998954962
2461603.3002759200 1.0003105869
2461603.3004356422 1.0003367684
2461603.3005953645 0.9992222830
2461603.3007550864 0.9987548361
2461603.3009148086 0.9999146318
2461603.3010745309 0.9994589652
2461603.3012342532 0.9994753678
2461603.3013939755 1.0001229285
2461603.3015536978 1.0008312636
2461603.3017134201 1.0008091332
2461603.3018731419 0.9992257685
2461603.3020328642 1.0004249375
2461603.3021925865 1.0001386198
2461603.3023523088 1.0019860479
2461603.3025120310 0.9999287194
2461603.3026717533 0.9999433187
2461603.3028314756 0.9998044790
2461603.3029911974 1.0007291025
2461603.3031509197 1.0006231749
2461603.3033106420 1.0005505205
2461603.3034703643 1.0010462638
2461603.3036300866 0.9983746050
2461603.3037898089 0.9994780839
2461603.3039495312 1.0011276362
2461603.3041092530 0.9990660618
2461603.3042689753 0.9996276574
2461603.3044286976 0.9991462225
2461603.3045884199 0.9989399210
2461603.3047481421 1.0005896703
2461603.3049078644 1.0006368878
2461603.3050675867 1.0010242410
2461603.3052273085 0.9992525653
2461603.3053870308 1.0001114360
2461603.3055467531 1.0011396633
2461603.3057064754 1.0014462185
2461603.3058661977 1.0005000218
2461603.3060259200 1.0004419948
2461603.3061856423 0.9995632959
2461603.3063453641 0.9995660587
2461603.3065050864 1.0011130444
2461603.3066648087 0.9992749045
2461603.3068245309 0.9995405980
2461603.3069842532 0.9999668067
2461603.3071439755 0.9996168464
2461603.3073036978 0.9993939714
2461603.3074634196 0.9995041015
2461603.3076231419 0.9996441352
2461603.3077828642 1.0000211677
2461603.3079425865 0.9998615181
2461603.3081023088 1.0004923294
2461603.3082620311 0.9997966610
2461603.3084217533 0.9996435677
2461603.3085814752 0.9994797119
2461603.3087411975 0.9990486576
2461603.3089009197 1.0009985384
2461603.3090606420 1.0001055853
2461603.3092203643 1.0004142427
2461603.3093800866 0.9999503213
2461603.3095398089 0.9994373419
2461603.3096995307 1.0005579046
2461603.3098592530 0.9999808670
2461603.3100189753 0.9993321136
2461603.3101786976 0.9996632254
2461603.3103384199 0.9994561832
2461603.3104981421 0.9996782167
2461603.3106578644 1.0005873752
2461603.3108175863 1.0001263609
2461603.3109773090 0.9998741160
2461603.3111370308 0.9996422974
2461603.3112967531 1.0008650144
2461603.3114564754 1.0001946739
2461603.3116161977 1.0005501905
2461603.3117759200 1.0002205840
2461603.3119356418 0.9996654359
2461603.3120953646 1.0010725131
2461603.3122550864 0.9999613588
2461603.3124148087 1.0008087634
2461603.3125745310 0.9990470280
2461603.3127342532 1.0001632817
2461603.3128939755 0.9998097674
2461603.3130536973 1.0007981962
2461603.3132134201 1.0003947505
2461603.3133731419 0.9997918587
2461603.3135328642 0.9996476507
2461603.3136925865 0.9999517008
2461603.3138523088 0.9993599829
2461603.3140120311 0.9993288977
2461603.3141717534 1.0008944063
2461603.3143314756 1.0000358353
2461603.3144911975 0.9998242590
2461603.3146509198 1.0003381681
2461603.3148106420 0.9992406439
2461603.3149703643 0.9999853449
2461603.3151300866 1.0000416940
2461603.3152898089 1.0003280272
2461603.3154495312 1.0015046665
2461603.3156092530 0.9988058441
2461603.3157689753 1.0000730664
2461603.3159286976 1.0002359629
2461603.3160884199 1.0006037677
2461603.3162481422 1.0003479778
2461603.3164078644 1.0000045707
2461603.3165675867 1.0003982800
2461603.3167273086 1.0008260251
2461603.3168870308 1.0011943112
2461603.3170467531 1.0011245961
2461603.3172064754 1.0001690856
2461603.3173661977 1.0000686757
2461603.3175259200 0.9997085671
2461603.3176856423 1.0011698763
2461603.3178453641 1.0000451398
2461603.3180050864 1.0001914738
2461603.3181648087 1.0011512348
2461603.3183245310 0.9999796558
2461603.3184842533 1.0010587807
2461603.3186439755 1.0002225699
2461603.3188036978 0.9998968516
2461603.3189634196 1.0001958086
2461603.3191231419 0.9998749568
2461603.3192828642 0.9997963422
2461603.3194425865 0.9983910670
2461603.3196023088 1.0001140064
2461603.3197620311 0.9993756932
2461603.3199217534 1.0004390999
2461603.3200814752 1.0000373945
2461603.3202411975 1.0007047471
2461603.3204009198 1.0008376248
2461603.3205606421 0.9993581926
2461603.3207203643 0.9991429808
2461603.3208800866 1.0009467153
2461603.3210398089 1.0012606598
2461603.3211995307 1.0008041188
2461603.3213592530 0.9998507964
2461603.3215189753 0.9994030456
2461603.3216786976 0.9994238222
2461603.3218384199 0.9995929673
2461603.3219981422 1.0004327123
2461603.3221578645 0.9978652129
2461603.3223175863 0.9986103250
2461603.3224773086 0.9992366633
2461603.3226370309 1.0002878564
2461603.3227967531 0.9990555981
2461603.3229564754 1.0006216753
2461603.3231161977 0.9996343597
2461603.3232759200 1.0011564366
2461603.3234356418 1.0007694083
2461603.3235953641 1.0000189380
2461603.3237550864 0.9995127488
2461603.3239148087 0.9998180803
2461603.3240745310 0.9998087155
2461603.3242342533 0.9994655881
2461603.3243939755 1.0000225938
2461603.3245536974 0.9995486470
2461603.3247134201 0.9991577728
2461603.3248731419 0.9991816284
2461603.3250328642 0.9993482769
2461603.3251925865 1.0005495743
2461603.3253523088 0.9995706748
2461603.3255120311 0.9994422373
2461603.3256717529 0.9997286635
2461603.3258314757 1.0004301151
2461603.3259911975 1.0005352714
2461603.3261509198 1.0003303562
2461603.3263106421 1.0002643964
2461603.3264703644 0.9988336604
2461603.3266300866 1.0007885516
2461603.3267898085 0.9997519436
2461603.3269495312 0.9994662035
2461603.3271092530 1.0002872895
2461603.3272689753 1.0007008191
2461603.3274286976 0.9997914333
2461603.3275884199 1.0000038978
2461603.3277481422 1.0000850644
2461603.3279078640 0.9999152165
2461603.3280675868 0.9987973975
2461603.3282273086 0.9997598673
2461603.3283870309 0.9994587680
2461603.3285467532 1.0000361936
2461603.3287064754 0.9996894012
2461603.3288661977 0.9991329444
2461603.3290259200 1.0003742695
2461603.3291856423 0.9998670053
2461603.3293453641 1.0006470902
2461603.3295050864 1.0001017610
2461603.3296648087 1.0004931695
2461603.3298245310 0.9995276234
2461603.3299842533 1.0000300813
2461603.3301439756 1.0009215661
2461603.3303036978 0.9993771711
2461603.3304634197 0.9999047692
2461603.3306231420 0.9990278746
2461603.3307828642 0.9994506795
2461603.3309425865 0.9989709361
2461603.3311023088 0.9994441454
2461603.3312620311 0.9997229294
2461603.3314217534 1.0002805071
2461603.3315814752 0.9993240468
2461603.3317411975 0.9999539137
2461603.3319009198 0.9997965380
2461603.3320606421 0.9997213194
2461603.3322203644 0.9994238426
2461603.3323800866 1.0005327729
2461603.3325398089 1.0010258825
2461603.3326995308 1.0010571852
2461603.3328592530 1.0002686303
2461603.3330189753 1.0001341854
2461603.3331786976 0.9996525565
2461603.3333384199 0.9998214075
2461603.3334981422 0.9991242824
2461603.3336578645 1.0006177806
2461603.3338175863 1.0003541330
2461603.3339773086 0.9997775884
2461603.3341370309 0.9992832893
2461603.3342967532 0.9997433850
2461603.3344564755 0.9993738813
2461603.3346161977 1.0000803688
2461603.3347759200 0.9990708222
2461603.3349356418 1.0007108076
2461603.3350953641 1.0002821760
2461603.3352550864 1.0000689910
2461603.3354148087 1.0013368916
2461603.3355745310 0.9996043736
2461603.3357342533 0.9998525890
2461603.3358939756 1.0002777480
2461603.3360536974 0.9993932708
2461603.3362134197 1.0002480272
2461603.3363731420 0.9996735090
2461603.3365328643 1.0009938530
2461603.3366925865 0.9997436741
2461603.3368523088 0.9997484590
2461603.3370120311 1.0014186150
2461603.3371717529 1.0012235775
2461603.3373314752 0.9997814834
2461603.3374911975 0.9991791039
2461603.3376509198 1.0000175533
2461603.3378106421 0.9995668755
2461603.3379703644 0.9990315528
2461603.3381300867 1.0007649721
2461603.3382898085 1.0005447913
2461603.3384495312 1.0002315414
2461603.3386092531 0.9997086788
2461603.3387689753 1.0002065802
2461603.3389286976 0.9990542819
2461603.3390884199 1.0002348034
2461603.3392481422 1.0002831163
2461603.3394078640 1.0005464853
2461603.3395675868 0.9994461560
2461603.3397273086 0.9981599540
2461603.3398870309 1.0003513948
2461603.3400467532 0.9993524117
2461603.3402064755 0.9990394727
2461603.3403661977 0.9991142220
2461603.3405259196 1.0000956547
2461603.3406856423 0.9991294644
2461603.3408453641 1.0010639589
2461603.3410050864 0.9996250977
2461603.3411648087 0.9997746174
2461603.3413245310 1.0016524860
2461603.3414842533 1.0007030337
2461603.3416439751 0.9986923961
2461603.3418036979 1.0011471489
2461603.3419634197 1.0002642700
2461603.3421231420 0.9998874730
2461603.3422828643 0.9992276381
2461603.3424425866 1.0011121419
2461603.3426023088 0.9992131215
2461603.3427620311 1.0001228543
2461603.3429217534 0.9998270966
2461603.3430814752 0.9999090417
2461603.3432411975 1.0011218701
2461603.3434009198 0.9998745920
2461603.3435606421 1.0005876973
2461603.3437203644 0.9997658254
2461603.3438800867 0.9999524951
2461603.3440398090 0.9997989872
2461603.3441995308 1.0001679565
2461603.3443592531 1.0000375684
2461603.3445189754 0.9996962091
2461603.3446786976 1.0009346721
2461603.3448384199 0.9995858486
2461603.3449981422 0.9996095177
2461603.3451578645 1.0003948300
2461603.3453175863 1.0008237361
2461603.3454773086 0.9993898715
2461603.3456370309 1.0000732066
2461603.3457967532 1.0004248263
2461603.3459564755 1.0001420367
2461603.3461161978 0.9997307357
2461603.3462759200 0.9995266585
2461603.3464356419 1.0001770459
2461603.3465953642 1.0008759108
2461603.3467550864 1.0001097955
2461603.3469148087 1.0006363115
2461603.3470745310 0.9989688583
2461603.3472342533 1.0000184050
2461603.3473939756 1.0001720262
2461603.3475536974 1.0006698556
2461603.3477134197 1.0011962081
2461603.3478731420 1.0007530041
2461603.3480328643 1.0000919755
2461603.3481925866 1.0003546918
2461603.3483523089 0.9992190472
2461603.3485120311 0.9997227120
2461603.3486717530 0.9995432570
2461603.3488314752 1.0002628407
2461603.3489911975 0.9996675775
2461603.3491509198 0.9995755060
2461603.3493106421 0.9996438209
2461603.3494703644 1.0003632366
2461603.3496300867 0.9999252427
2461603.3497898085 0.9991744185
2461603.3499495308 1.0007727260
2461603.3501092531 1.0000286239
2461603.3502689754 1.0005405328
2461603.3504286977 1.0002237529
2461603.3505884199 0.9998129684
2461603.3507481422 1.0011715504
2461603.3509078640 1.0007853380
2461603.3510675863 1.0003386209
2461603.3512273086 1.0003588683
2461603.3513870309 1.0001114263
2461603.3515467532 1.0002637290
2461603.3517064755 1.0001641138
2461603.3518661978 0.9994717244
2461603.3520259196 1.0006453143
2461603.3521856423 0.9995881884
2461603.3523453642 0.9996365838
2461603.3525050865 0.9998516634
2461603.3526648087 0.9996153386
2461603.3528245310 0.9991082969
2461603.3529842533 0.9988308902
2461603.3531439751 0.9994362782
2461603.3533036979 0.9986478128
2461603.3534634197 1.0001371423
2461603.3536231420 1.0014320208
2461603.3537828643 0.9999011419
2461603.3539425866 1.0002238162
2461603.3541023089 1.0003807029
2461603.3542620307 0.9999960603
2461603.3544217534 1.0008824740
2461603.3545814753 1.0003604468
2461603.3547411975 1.0008558666
2461603.3549009198 0.9994856042
2461603.3550606421 1.0015628677
2461603.3552203644 0.9996616510
2461603.3553800862 1.0012108806
2461603.3555398090 0.9997528232
2461603.3556995308 1.0012708622
2461603.3558592531 0.9993183926
2461603.3560189754 0.9996775943
2461603.3561786977 0.9994747704
2461603.3563384200 1.0000768062
2461603.3564981422 0.9996338075
2461603.3566578645 0.9995175282
2461603.3568175863 0.9995981573
2461603.3569773086 1.0001532913
2461603.3571370309 0.9989084346
2461603.3572967532 1.0013863963
2461603.3574564755 1.0007527060
2461603.3576161978 1.0006915884
2461603.3577759201 0.9992397245
2461603.3579356419 0.9995817461
2461603.3580953642 1.0001584308
2461603.3582550865 1.0002583516
2461603.3584148088 1.0003848519
2461603.3585745310 1.0005557062
2461603.3587342533 1.0004603767
2461603.3588939756 1.0006011824
2461603.3590536974 0.9995528917
2461603.3592134197 1.0008129482
2461603.3593731420 1.0009341212
2461603.3595328643 0.9998150931
2461603.3596925866 1.0008817080
2461603.3598523089 1.0011784536
2461603.3600120312 1.0012448646
2461603.3601717530 1.0013067420
2461603.3603314753 1.0007867407
2461603.3604911976 0.9993201477
2461603.3606509198 0.9993730066
2461603.3608106421 1.0002253569
2461603.3609703644 1.0011536735
2461603.3611300867 0.9984906858
2461603.3612898085 1.0002620740
2461603.3614495308 0.9995465730
2461603.3616092531 1.0003989002
2461603.3617689754 0.9994166474
2461603.3619286977 1.0011591205
2461603.3620884200 0.9997526817
2461603.3622481422 0.9990853965
2461603.3624078641 0.9995044895
2461603.3625675864 0.9993239242
2461603.3627273086 0.9996359369
2461603.3628870309 1.0006772497
2461603.3630467532 0.9990485382
2461603.3632064755 0.9997529598
2461603.3633661978 1.0001608275
2461603.3635259196 1.0013140219
2461603.3636856419 0.9990366839
2461603.3638453642 0.9999166169
2461603.3640050865 1.0004158638
2461603.3641648088 1.0005462304
2461603.3643245311 0.9996933730
2461603.3644842533 1.0024783901
2461603.3646439752 0.9991229301
2461603.3648036974 0.9993648879
2461603.3649634197 0.9998945792
2461603.3651231420 1.0001194699
2461603.3652828643 1.0002152734
2461603.3654425866 1.0006293552
2461603.3656023089 0.9994259074
2461603.3657620307 0.9996542957
2461603.3659217535 1.0010261050
2461603.3660814753 1.0005628299
2461603.3662411976 1.0000438830
2461603.3664009199 1.0009556705
2461603.3665606421 0.9998312649
2461603.3667203644 0.9993538988
2461603.3668800863 0.9993950193
2461603.3670398090 1.0002850368
2461603.3671995308 1.0002415970
2461603.3673592531 1.0007098524
2461603.3675189754 1.0002505732
2461603.3676786977 1.0001950515
2461603.3678384200 0.9994995159
2461603.3679981418 0.9996518217
2461603.3681578645 1.0002161081
2461603.3683175864 1.0004109918
2461603.3684773087 1.0006616922
2461603.3686370309 0.9993211166
2461603.3687967532 1.0007049575
2461603.3689564755 1.0000354667
2461603.3691161973 1.0009660371
2461603.3692759201 1.0009445868
2461603.3694356419 0.9991667678
2461603.3695953642 0.9991829301
2461603.3697550865 0.9988486080
2461603.3699148088 0.9990418754
2461603.3700745311 1.0005030309
2461603.3702342534 1.0000843566
2461603.3703939756 0.9999629885
2461603.3705536975 0.9998489089
2461603.3707134197 0.9988959875
2461603.3708731420 1.0000264623
2461603.3710328643 0.9990000046
2461603.3711925866 0.9995468879
2461603.3713523089 0.9990499702
2461603.3715120312 0.9997927239
2461603.3716717530 1.0002390246
2461603.3718314753 0.9985601957
2461603.3719911976 1.0001666216
2461603.3721509199 1.0000160214
2461603.3723106422 0.9995370332
2461603.3724703644 1.0000032661
2461603.3726300867 1.0000720813
2461603.3727898085 0.9996224679
2461603.3729495308 1.0000723486
2461603.3731092531 0.9997620042
2461603.3732689754 1.0017754691
2461603.3734286977 1.0000469811
2461603.3735884200 1.0003284902
2461603.3737481423 0.9990888614
2461603.3739078641 0.9997705209
2461603.3740675864 0.9991886012
2461603.3742273087 0.9998563556
2461603.3743870310 0.9993577805
2461603.3745467532 1.0001652454
2461603.3747064755 1.0003979890
2461603.3748661978 1.0011623652
2461603.3750259196 1.0003356927
2461603.3751856419 1.0003844132
2461603.3753453642 1.0004707952
2461603.3755050865 0.9998320837
2461603.3756648088 0.9992522840
2461603.3758245311 1.0004323420
2461603.3759842534 1.0007716314
2461603.3761439752 0.9999350064
2461603.3763036975 0.9995711923
2461603.3764634198 1.0009333448
2461603.3766231420 1.0013182354
2461603.3767828643 1.0000592390
2461603.3769425866 1.0006619507
2461603.3771023089 0.9988207218
2461603.3772620307 1.0012241428
2461603.3774217530 1.0004304793
2461603.3775814753 1.0002296433
2461603.3777411976 0.9992880735
2461603.3779009199 1.0004811435
2461603.3780606422 0.9997667764
2461603.3782203645 0.9995388334
2461603.3783800863 0.9998937163
2461603.3785398086 0.9990670650
2461603.3786995308 0.9992826630
2461603.3788592531 1.0004916963
2461603.3790189754 0.9985327261
2461603.3791786977 1.0004388180
2461603.3793384200 0.9992034958
2461603.3794981418 1.0005394198
2461603.3796578646 0.9996848609
2461603.3798175864 1.0009363019
2461603.3799773087 0.9997522731
2461603.3801370310 1.0008835388
2461603.3802967533 0.9999805584
2461603.3804564755 1.0005211493
2461603.3806161974 1.0004981086
2461603.3807759201 0.9995535435
2461603.3809356419 0.9993046035
2461603.3810953642 1.0007556542
2461603.3812550865 1.0008179905
2461603.3814148088 1.0005982780
2461603.3815745311 1.0004297347
2461603.3817342529 1.0002093389
2461603.3818939757 1.0008347244
2461603.3820536975 0.9995688034
2461603.3822134198 0.9997352230
2461603.3823731421 0.9998583696
2461603.3825328643 0.9998564056
2461603.3826925866 0.9997974847
2461603.3828523085 0.9997543251
2461603.3830120312 0.9996189302
2461603.3831717530 1.0008243298
2461603.3833314753 0.9993709367
2461603.3834911976 0.9998335139
2461603.3836509199 1.0000068274
2461603.3838106422 1.0005829120
2461603.3839703645 0.9993904690
2461603.3841300867 0.9991853789
2461603.3842898086 1.0002092581
2461603.3844495309 1.0000414181
2461603.3846092531 0.9984816483
2461603.3847689754 1.0004492113
2461603.3849286977 0.9994950236
2461603.3850884200 0.9997206224
2461603.3852481423 0.9996934981
2461603.3854078641 0.9996317671
2461603.3855675864 0.9996002114
2461603.3857273087 0.9995952583
2461603.3858870310 0.9993606994
2461603.3860467533 1.0009506114
2461603.3862064756 0.9992028617
2461603.3863661978 0.9986387565
2461603.3865259197 1.0012398723
2461603.3866856419 1.0001757876
2461603.3868453642 1.0001316702
2461603.3870050865 0.9998468085
2461603.3871648088 1.0007461318
2461603.3873245311 0.9998726732
2461603.3874842534 1.0000714770
2461603.3876439752 1.0007147691
2461603.3878036975 1.0005337368
2461603.3879634198 1.0002967122
2461603.3881231421 0.9997283558
2461603.3882828644 0.9988851266
2461603.3884425866 1.0000764739
2461603.3886023089 0.9993598226
2461603.3887620308 0.9989942086
2461603.3889217530 1.0001522846
2461603.3890814753 1.0008898164
2461603.3892411976 0.9995870672
2461603.3894009199 0.9983167943
2461603.3895606422 0.9990485538
2461603.3897203645 1.0004606583
2461603.3898800863 0.9998458203
2461603.3900398086 0.9989023692
2461603.3901995309 0.9979491278
2461603.3903592532 1.0001448832
2461603.3905189754 1.0003560711
2461603.3906786977 1.0006187961
2461603.3908384200 1.0000189763
2461603.3909981418 0.9994690658
2461603.3911578641 1.0001032946
2461603.3913175864 1.0012459784
2461603.3914773087 0.9982881061
2461603.3916370310 0.9996944328
2461603.3917967533 1.0001205753
2461603.3919564756 0.9999455248
2461603.3921161974 0.9989503018
2461603.3922759197 1.0004889651
2461603.3924356420 0.9998148567
2461603.3925953642 1.0002195862
2461603.3927550865 0.9998818086
2461603.3929148088 0.9999712506
2461603.3930745311 1.0003697261
2461603.3932342529 0.9994142168
2461603.3933939757 1.0004734213
2461603.3935536975 0.9997117998
2461603.3937134198 0.9999062694
2461603.3938731421 0.9998313848
2461603.3940328644 0.9996019905
2461603.3941925867 1.0005760225
2461603.3943523085 1.0010386061
2461603.3945120312 0.9991238353
2461603.3946717530 1.0002119598
2461603.3948314753 1.0004947048
2461603.3949911976 0.9990652367
2461603.3951509199 0.9996186417
2461603.3953106422 0.9997227055
2461603.3954703640 1.0003134064
2461603.3956300868 0.9989870205
2461603.3957898086 1.0009308848
2461603.3959495309 1.0000445576
2461603.3961092532 1.0011492430
2461603.3962689755 0.9999827231
2461603.3964286977 0.9996457601
2461603.3965884196 0.9994895333
2461603.3967481423 1.0005449814
2461603.3969078641 0.9989918805
2461603.3970675864 1.0006447244
2461603.3972273087 1.0004418606
2461603.3973870310 0.9994323608
2461603.3975467533 0.9996474710
2461603.3977064756 1.0006077125
2461603.3978661979 1.0000571961
2461603.3980259197 0.9988913511
2461603.3981856420 0.9999983287
2461603.3983453643 1.0003812077
2461603.3985050865 0.9990804679
2461603.3986648088 0.9994825948
2461603.3988245311 0.9994935140
2461603.3989842534 0.9999624206
2461603.3991439752 0.9979022596
2461603.3993036975 0.9997458557
2461603.3994634198 1.0006091594
2461603.3996231421 0.9998298317
2461603.3997828644 0.9998838379
2461603.3999425867 0.9999962818
2461603.4001023090 1.0007394105
2461603.4002620308 0.9987181234
2461603.4004217531 0.9994435570
2461603.4005814753 1.0008421034
2461603.4007411976 0.9999861078
2461603.4009009199 0.9992356189
2461603.4010606422 0.9999628191
2461603.4012203645 1.0012044642
2461603.4013800863 1.0007538697
2461603.4015398086 0.9998798973
2461603.4016995309 0.9996276883
2461603.4018592532 1.0007637267
2461603.4020189755 0.9994339613
2461603.4021786978 1.0008776979
2461603.4023384200 1.0007968371
2461603.4024981419 1.0000638603
2461603.4026578641 0.9995501668
2461603.4028175864 0.9998262677
2461603.4029773087 1.0010248684
2461603.4031370310 0.9996435725
2461603.4032967533 0.9993963170
2461603.4034564756 1.0008860724
2461603.4036161974 1.0000194293
2461603.4037759197 1.0002448132
2461603.4039356420 0.9997014093
2461603.4040953643 0.9999167501
2461603.4042550866 1.0002059976
2461603.4044148088 1.0001318722
2461603.4045745311 1.0004361432
2461603.4047342530 0.9989405036
2461603.4048939752 1.0007523685
2461603.4050536975 1.0003521645
2461603.4052134198 1.0003273337
2461603.4053731421 0.9991223840
2461603.4055328644 0.9992343762
2461603.4056925867 0.9994710893
2461603.4058523085 1.0003441452
2461603.4060120308 0.9996155778
2461603.4061717531 0.9996865077
2461603.4063314754 0.9999298201
2461603.4064911976 0.9994102347
2461603.4066509199 0.9995798258
2461603.4068106422 1.0002086897
2461603.4069703640 1.0006504506
2461603.4071300868 1.0000257313
2461603.4072898086 0.9993936573
2461603.4074495309 1.0003263045
2461603.4076092532 1.0007539880
2461603.4077689755 0.9998485936
2461603.4079286978 1.0000759256
2461603.4080884196 1.0000873559
2461603.4082481423 1.0001814493
2461603.4084078642 0.9997618982
2461603.4085675864 1.0010913343
2461603.4087273087 0.9999343995
2461603.4088870310 1.0009700348
2461603.4090467533 0.9993466173
2461603.4092064751 0.9988023058
2461603.4093661979 1.0008058531
2461603.4095259197 0.9996770314
2461603.4096856420 0.9995399368
2461603.4098453643 1.0015019126
2461603.4100050866 1.0012875488
2461603.4101648089 0.9993901897
2461603.4103245307 0.9981099714
2461603.4104842534 0.9999381527
2461603.4106439753 1.0018780556
2461603.4108036975 1.0007304913
2461603.4109634198 1.0008807226
2461603.4111231421 0.9986745555
2461603.4112828644 0.9999195036
2461603.4114425867 0.9994974059
2461603.4116023090 0.9994797141
2461603.4117620308 0.9994306021
2461603.4119217531 0.9998468360
2461603.4120814754 1.0007786218
2461603.4122411977 0.9992858552
2461603.4124009199 1.0002484896
2461603.4125606422 1.0008803718
2461603.4127203645 1.0000669852
2461603.4128800863 0.9996807801
2461603.4130398086 1.0003263615
2461603.4131995309 1.0009321782
2461603.4133592532 0.9993250170
2461603.4135189755 1.0004713366
2461603.4136786978 0.9999034702
2461603.4138384201 0.9989701069
2461603.4139981419 1.0005165843
2461603.4141578642 0.9996271667
2461603.4143175865 0.9987435014
2461603.4144773087 0.9999616029
2461603.4146370310 1.0001279137
2461603.4147967533 0.9997158467
2461603.4149564756 0.9997424479
2461603.4151161974 1.0009853870
2461603.4152759197 1.0006744687
2461603.4154356420 1.0015874362
2461603.4155953643 0.9991931369
2461603.4157550866 1.0001472523
2461603.4159148089 0.9993127538
2461603.4160745312 0.9995563286
2461603.4162342530 0.9998151388
2461603.4163939753 0.9993816023
2461603.4165536975 0.9992742022
2461603.4167134198 1.0006192631
2461603.4168731421 0.9996251088
2461603.4170328644 1.0003409386
2461603.4171925867 0.9999032428
2461603.4173523085 0.9991038659
2461603.4175120308 1.0010269701
2461603.4176717531 1.0003656305
2461603.4178314754 0.9995078026
2461603.4179911977 1.0004776012
2461603.4181509200 0.9989453607
2461603.4183106422 0.9987984144
2461603.4184703641 0.9993117717
2461603.4186300864 1.0001554782
2461603.4187898086 0.9998596834
2461603.4189495309 1.0004879487
2461603.4191092532 1.0008549057
2461603.4192689755 0.9999525502
2461603.4194286978 0.9998789436
2461603.4195884196 0.9993784430
2461603.4197481419 1.0010293114
2461603.4199078642 1.0002738046
2461603.4200675865 1.0004401065
2461603.4202273088 1.0011245166
2461603.4203870310 1.0002286978
2461603.4205467533 1.0001724148
2461603.4207064752 1.0006416941
2461603.4208661974 0.9997560511
2461603.4210259197 1.0004859799
2461603.4211856420 0.9995529852
2461603.4213453643 1.0008535574
2461603.4215050866 0.9995082163
2461603.4216648089 0.9992909429
2461603.4218245307 0.9997566125
2461603.4219842535 1.0001399553
2461603.4221439753 1.0000283214
2461603.4223036976 1.0000860708
2461603.4224634198 1.0009305911
2461603.4226231421 0.9989671361
2461603.4227828644 1.0015754224
2461603.4229425862 1.0010957094
2461603.4231023090 0.9991249275
2461603.4232620308 1.0009396545
2461603.4234217531 0.9999942584
2461603.4235814754 0.9994916009
2461603.4237411977 0.9997241520
2461603.4239009200 0.9999386606
2461603.4240606418 1.0013651514
2461603.4242203645 1.0003159483
2461603.4243800864 0.9998192862
2461603.4245398086 1.0000372813
2461603.4246995309 1.0003980505
2461603.4248592532 1.0002370758
2461603.4250189755 1.0009118810
2461603.4251786978 0.9992318419
2461603.4253384201 0.9995405081
2461603.4254981419 0.9997475889
2461603.4256578642 1.0000993990
2461603.4258175865 1.0002218703
2461603.4259773088 0.9990251009
2461603.4261370311 1.0002344218
2461603.4262967533 1.0004680044
2461603.4264564756 0.9996361513
2461603.4266161975 0.9997267703
2461603.4267759197 0.9995062550
2461603.4269356420 0.9996510837
2461603.4270953643 0.9984752119
2461603.4272550866 0.9996385458
2461603.4274148089 1.0002707799
2461603.4275745312 0.9994425505
2461603.4277342530 0.9993698900
2461603.4278939753 0.9998743404
2461603.4280536976 1.0003855418
2461603.4282134199 0.9997955537
2461603.4283731421 0.9996019895
2461603.4285328644 1.0005655782
2461603.4286925867 1.0002865377
2461603.4288523085 1.0011018327
2461603.4290120308 1.0006648048
2461603.4291717531 1.0005457892
2461603.4293314754 0.9999083699
2461603.4294911977 1.0014339649
2461603.4296509200 1.0005387585
2461603.4298106423 0.9999328833
2461603.4299703641 0.9986959894
2461603.4301300864 0.9995150329
2461603.4302898087 0.9992422923
2461603.4304495309 1.0007526548
2461603.4306092532 1.0007203915
2461603.4307689755 0.9986997006
2461603.4309286978 0.9997443528
2461603.4310884196 0.9991532467
2461603.4312481419 0.9998788006
2461603.4314078642 0.9997629339
2461603.4315675865 1.0002639702
2461603.4317273088 1.0008247462
2461603.4318870311 0.9992246972
2461603.4320467534 0.9997177015
2461603.4322064752 0.9997522508
2461603.4323661975 1.0006652930
2461603.4325259198 0.9998823976
2461603.4326856420 0.9989847626
2461603.4328453643 1.0003337874
2461603.4330050866 1.0002142931
2461603.4331648089 0.9997712018
2461603.4333245307 0.9994237424
2461603.4334842530 1.0006584429
2461603.4336439753 0.9994545996
2461603.4338036976 0.9989058758
2461603.4339634199 1.0003042460
2461603.4341231422 1.0000707939
2461603.4342828644 1.0008635631
2461603.4344425863 0.9999673193
2461603.4346023086 1.0002752224
2461603.4347620308 0.9993584485
2461603.4349217531 1.0008060606
2461603.4350814754 1.0003523496
2461603.4352411977 1.0005822267
2461603.4354009200 1.0005946767
2461603.4355606418 1.0000518666
2461603.4357203646 1.0003606345
2461603.4358800864 0.9997788878
2461603.4360398087 0.9995200014
2461603.4361995310 1.0008329595
2461603.4363592532 1.0000715195
2461603.4365189755 0.9992045331
2461603.4366786974 0.9990116717
2461603.4368384201 1.0007830587
2461603.4369981419 1.0000653740
2461603.4371578642 0.9995408985
2461603.4373175865 0.9995476938
2461603.4374773088 1.0000201161
2461603.4376370311 1.0014826306
2461603.4377967529 1.0007473704
2461603.4379564757 1.0005580663
2461603.4381161975 1.0010215692
2461603.4382759198 1.0007750002
2461603.4384356420 0.9994237536
2461603.4385953643 1.0005424450
2461603.4387550866 0.9994757151
2461603.4389148089 0.9998783097
2461603.4390745312 0.9986088144
2461603.4392342530 1.0003060308
2461603.4393939753 1.0000609080
2461603.4395536976 1.0008925111
2461603.4397134199 0.9991072276
2461603.4398731422 1.0010712273
2461603.4400328645 1.0009149719
2461603.4401925867 0.9995396336
2461603.4403523086 1.0000473315
2461603.4405120309 0.9994054404
2461603.4406717531 1.0008454644
2461603.4408314754 0.9991130059
2461603.4409911977 0.9997336229
2461603.4411509200 0.9997737123
2461603.4413106423 1.0001839706
2461603.4414703641 0.9998628745
2461603.4416300864 0.9999584947
2461603.4417898087 1.0003522846
2461603.4419495310 0.9989787459
2461603.4421092533 0.9999519843
2461603.4422689755 1.0006510127
2461603.4424286978 1.0002685794
2461603.4425884197 0.9987680772
2461603.4427481419 1.0005449621
2461603.4429078642 0.9986359055
2461603.4430675865 0.9994934001
2461603.4432273088 0.9996247565
2461603.4433870311 0.9995035231
2461603.4435467534 0.9992354545
2461603.4437064752 1.0006901721
2461603.4438661975 0.9993606743
2461603.4440259198 1.0000631025
2461603.4441856421 0.9997411542
2461603.4443453643 1.0005218839
2461603.4445050866 0.9988449466
2461603.4446648089 1.0003885674
2461603.4448245307 0.9996039342
2461603.4449842530 0.9999418199
2461603.4451439753 1.0003408441
2461603.4453036976 0.9999457595
2461603.4454634199 0.9992011872
2461603.4456231422 0.9996295135
2461603.4457828645 1.0001972388
2461603.4459425863 0.9999430718
2461603.4461023086 1.0005044179
2461603.4462620309 1.0001120942
2461603.4464217531 0.9999608713
2461603.4465814754 1.0009762317
2461603.4467411977 0.9994670037
2461603.4469009200 1.0000261127
2461603.4470606418 1.0005639172
2461603.4472203641 0.9984379230
2461603.4473800864 1.0001685415
2461603.4475398087 0.9989336359
2461603.4476995310 1.0006737185
2461603.4478592533 1.0000591661
2461603.4480189756 1.0002823957
2461603.4481786974 1.0006963016
2461603.4483384197 0.9990326153
2461603.4484981420 0.9997947048
2461603.4486578642 1.0000485311
2461603.4488175865 0.9997619754
2461603.4489773088 0.9997977382
2461603.4491370311 1.0013045034
2461603.4492967529 1.0004289572
2461603.4494564757 1.0010617380
2461603.4496161975 1.0012617259
2461603.4497759198 0.9999499214
2461603.4499356421 0.9994942022
2461603.4500953644 1.0005663979
2461603.4502550866 1.0000518068
2461603.4504148085 1.0001678795
2461603.4505745312 1.0007339832
2461603.4507342530 0.9996304718
2461603.4508939753 1.0004772112
2461603.4510536976 1.0002508064
2461603.4512134199 0.9992764093
2461603.4513731422 1.0009919862
2461603.4515328640 1.0005104818
2461603.4516925868 1.0003402914
2461603.4518523086 1.0005847923
2461603.4520120309 1.0006566909
2461603.4521717532 0.9994084473
2461603.4523314754 0.9991066691
2461603.4524911977 1.0006956770
2461603.4526509200 0.9987759319
2461603.4528106423 1.0004710497
2461603.4529703641 0.9993724879
2461603.4531300864 0.9997261802
2461603.4532898087 0.9992128784
2461603.4534495310 0.9994944258
2461603.4536092533 1.0003063362
2461603.4537689756 0.9998076250
2461603.4539286979 1.0001697713
2461603.4540884197 0.9990992896
2461603.4542481420 0.9995667310
2461603.4544078643 1.0004922545
2461603.4545675865 1.0001358286
2461603.4547273088 0.9999923837
2461603.4548870311 1.0012296853
2461603.4550467534 0.9998401885
2461603.4552064752 0.9990448022
2461603.4553661975 0.9992831068
2461603.4555259198 0.9992331395
2461603.4556856421 1.0017223453
2461603.4558453644 1.0010270999
2461603.4560050867 0.9986671777
2461603.4561648089 1.0001013739
2461603.4563245308 0.9994276909
2461603.4564842531 1.0017220543
2461603.4566439753 0.9998432869
2461603.4568036976 0.9993065255
2461603.4569634199 0.9995275076
2461603.4571231422 0.9999939813
2461603.4572828645 1.0005546119
2461603.4574425863 1.0011038089
2461603.4576023086 0.9995529723
2461603.4577620309 0.9998191035
2461603.4579217532 0.9990805067
2461603.4580814755 0.9994852088
2461603.4582411977 0.9993237552
2461603.4584009200 1.0006838352
2461603.4585606419 0.9991374300
2461603.4587203641 1.0006505957
2461603.4588800864 0.9991957369
2461603.4590398087 0.9999341303
2461603.4591995310 1.0019845696
2461603.4593592533 0.9998498292
2461603.4595189756 0.9998953888
2461603.4596786974 0.9999863608
2461603.4598384197 0.9988169323
2461603.4599981420 1.0000616539
2461603.4601578643 0.9990978739
2461603.4603175865 1.0006904877
2461603.4604773088 0.9992696706
2461603.4606370311 0.9991689009
2461603.4607967529 0.9995838625
2461603.4609564752 1.0005076690
2461603.4611161975 0.9990002236
2461603.4612759198 1.0008718367
2461603.4614356421 0.9992923414
2461603.4615953644 1.0003481458
2461603.4617550867 0.9994709840
2461603.4619148085 0.9995130187
2461603.4620745308 0.9985725681
2461603.4622342531 1.0002913347
2461603.4623939754 1.0004523978
2461603.4625536976 0.9989191135
2461603.4627134199 0.9992254303
2461603.4628731422 1.0004265289
2461603.4630328640 0.9982986358
2461603.4631925868 1.0005026654
2461603.4633523086 0.9988135473
2461603.4635120309 0.9993553535
2461603.4636717532 1.0003412997
2461603.4638314755 1.0003509501
2461603.4639911978 1.0010722592
2461603.4641509196 0.9999176808
2461603.4643106423 1.0009313741
2461603.4644703642 1.0005193387
2461603.4646300864 0.9992945065
2461603.4647898087 1.0008314636
2461603.4649495310 0.9982456631
2461603.4651092533 0.9992057248
2461603.4652689751 1.0009795522
2461603.4654286979 0.9990890843
2461603.4655884197 0.9999691121
2461603.4657481420 1.0009741694
2461603.4659078643 1.0002542560
2461603.4660675866 1.0010860852
2461603.4662273088 1.0001724596
2461603.4663870311 0.9998743019
2461603.4665467534 1.0001086299
2461603.4667064752 0.9994218544
2461603.4668661975 0.9998486001
2461603.4670259198 0.9997605429
2461603.4671856421 1.0006191625
2461603.4673453644 1.0008382910
2461603.4675050867 1.0007701571
2461603.4676648090 0.9989963197
2461603.4678245308 0.9997574563
2461603.4679842531 1.0011166388
2461603.4681439754 1.0018051518
2461603.4683036976 0.9991169682
2461603.4684634199 1.0003242069
2461603.4686231422 1.0003978743
2461603.4687828645 0.9987764912
2461603.4689425863 0.9992452532
2461603.4691023086 1.0007518737
2461603.4692620309 0.9992264561
2461603.4694217532 0.9997272962
2461603.4695814755 0.9992789452
2461603.4697411978 0.9982863260
2461603.4699009201 1.0006056812
2461603.4700606419 0.9993627757
2461603.4702203642 1.0006134905
2461603.4703800865 1.0002786860
2461603.4705398087 0.9996570379
2461603.4706995310 0.9981579800
2461603.4708592533 0.9994295937
2461603.4710189756 0.9995096286
2461603.4711786974 1.0003210447
2461603.4713384197 1.0002902347
2461603.4714981420 0.9985553037
2461603.4716578643 1.0016816960
2461603.4718175866 0.9989792354
2461603.4719773089 0.9998933133
2461603.4721370311 0.9993086346
2461603.4722967530 0.9998814760
2461603.4724564753 0.9990108432
2461603.4726161975 0.9997467982
2461603.4727759198 1.0000535302
2461603.4729356421 0.9998328617
2461603.4730953644 1.0005185338
2461603.4732550867 0.9995384431
2461603.4734148085 1.0007794986
2461603.4735745308 1.0009726176
2461603.4737342531 1.0004773087
2461603.4738939754 0.9999570533
2461603.4740536977 1.0003874773
2461603.4742134199 0.9990111743
2461603.4743731422 1.0005696090
2461603.4745328641 1.0005384820
2461603.4746925863 0.9998429342
2461603.4748523086 1.0013105947
2461603.4750120309 0.9998917784
2461603.4751717532 1.0008425437
2461603.4753314755 0.9992349378
2461603.4754911978 1.0002874357
2461603.4756509196 0.9998206901
2461603.4758106419 1.0000951412
2461603.4759703642 1.0001233011
2461603.4761300865 1.0003992065
2461603.4762898088 1.0000827188
2461603.4764495310 0.9997858349
2461603.4766092533 1.0007087064
2461603.4767689751 1.0002105099
2461603.4769286979 0.9997999636
2461603.4770884197 1.0000429516
2461603.4772481420 1.0007626104
2461603.4774078643 1.0004657474
2461603.4775675866 0.9993892442
2461603.4777273089 1.0005350638
2461603.4778870307 1.0000701546
2461603.4780467534 0.9986176151
2461603.4782064753 1.0007453040
2461603.4783661976 0.9999105981
2461603.4785259198 0.9998468146
2461603.4786856421 1.0006863091
2461603.4788453644 0.9991303888
2461603.4790050862 0.9994561839
2461603.4791648090 0.9989404693
2461603.4793245308 1.0004766604
2461603.4794842531 1.0000552013
2461603.4796439754 1.0012831777
2461603.4798036977 0.9998907485
2461603.4799634200 1.0017693637
2461603.4801231422 1.0012726119
2461603.4802828645 1.0002606472
2461603.4804425864 0.9992625556
2461603.4806023086 0.9994340694
2461603.4807620309 1.0007319864
2461603.4809217532 1.0004726152
2461603.4810814755 0.9996302488
2461603.4812411978 1.0000227145
2461603.4814009201 0.9995739890
2461603.4815606419 0.9995765486
2461603.4817203642 1.0002695780
2461603.4818800865 1.0006746530
2461603.4820398088 1.0000723146
2461603.4821995310 0.9995486737
2461603.4823592533 1.0000409496
2461603.4825189756 0.9997648993
2461603.4826786974 1.0006606055
2461603.4828384197 0.9999967531
2461603.4829981420 1.0020207494
2461603.4831578643 0.9996076692
2461603.4833175866 1.0002619609
2461603.4834773089 0.9999373339
2461603.4836370312 0.9990449578
2461603.4837967530 0.9990286363
2461603.4839564753 1.0007272888
2461603.4841161976 0.9998603880
2461603.4842759199 1.0011870496
2461603.4844356421 0.9993132706
2461603.4845953644 0.9989437661
2461603.4847550867 0.9991823983
2461603.4849148085 0.9996088023
2461603.4850745308 1.0003749595
2461603.4852342531 1.0004876261
2461603.4853939754 1.0006167194
2461603.4855536977 1.0007735726
2461603.4857134200 0.9997972731
2461603.4858731423 1.0004349611
2461603.4860328641 0.9989779589
2461603.4861925864 1.0001121532
2461603.4863523087 0.9997636952
2461603.4865120309 0.9994947190
2461603.4866717532 1.0001892728
2461603.4868314755 1.0000594811
2461603.4869911978 0.9993594985
2461603.4871509196 1.0012638632
2461603.4873106419 1.0001206856
2461603.4874703642 1.0000675078
2461603.4876300865 1.0007916362
2461603.4877898088 1.0002132168
2461603.4879495311 0.9989114725
2461603.4881092533 0.9993367977
2461603.4882689752 0.9998801870
2461603.4884286975 1.0000803569
2461603.4885884197 0.9980977791
2461603.4887481420 1.0009444218
2461603.4889078643 1.0007508184
2461603.4890675866 1.0008453907
2461603.4892273089 0.9998012426
2461603.4893870307 1.0004264330
2461603.4895467530 0.9991087169
2461603.4897064753 0.9995982700
2461603.4898661976 0.9996002384
2461603.4900259199 0.9987108310
2461603.4901856421 0.9993965266
2461603.4903453644 0.9996922164
2461603.4905050863 1.0009686289
2461603.4906648090 1.0001547261
2461603.4908245308 0.9985488361
2461603.4909842531 1.0004409610
2461603.4911439754 0.9992842880
2461603.4913036977 1.0006207899
2461603.4914634200 1.0001686818
2461603.4916231418 1.0004117603
2461603.4917828646 0.9990426263
2461603.4919425864 1.0006220012
2461603.4921023087 0.9990757180
2461603.4922620310 0.9996975440
2461603.4924217532 0.9984759090
2461603.4925814755 1.0001383368
2461603.4927411973 1.0000997341
2461603.4929009201 1.0005361845
2461603.4930606419 1.0006018767
2461603.4932203642 0.9988365140
2461603.4933800865 0.9992739226
2461603.4935398088 1.0006366946
2461603.4936995311 1.0007364416
2461603.4938592534 0.9998595452
2461603.4940189756 1.0001944337
2461603.4941786975 0.9999751774
2461603.4943384198 0.9996767077
2461603.4944981420 0.9998278589
2461603.4946578643 1.0001283984
2461603.4948175866 0.9991344927
2461603.4949773089 1.0008109665
2461603.4951370312 0.9985194064
2461603.4952967530 0.9997937812
2461603.4954564753 1.0009473629
2461603.4956161976 0.9994048563
2461603.4957759199 1.0000195528
2461603.4959356422 0.9999895562
2461603.4960953644 0.9995390402
2461603.4962550867 0.9999580974
2461603.4964148086 1.0001735279
2461603.4965745308 0.9997691743
2461603.4967342531 0.9984512919
2461603.4968939754 0.9995348971
2461603.4970536977 0.9993081753
2461603.4972134200 1.0003588875
2461603.4973731423 1.0001048190
2461603.4975328641 1.0011973031
2461603.4976925864 0.9991455823
2461603.4978523087 0.9995266419
2461603.4980120310 0.9994455215
2461603.4981717533 1.0002148557
2461603.4983314755 0.9995464194
2461603.4984911978 0.9989030499
2461603.4986509196 0.9994576702
2461603.4988106419 1.0000051499
2461603.4989703642 1.0001281044
2461603.4991300865 1.0008089803
2461603.4992898088 0.9995575497
2461603.4994495311 1.0004782223
2461603.4996092534 1.0004170312
2461603.4997689752 0.9996283207
2461603.4999286975 0.9992428797
2461603.5000884198 1.0002484361
2461603.5002481421 0.9994002995
2461603.5004078643 0.9998625773
2461603.5005675866 0.9989243566
2461603.5007273089 0.9993385713
2461603.5008870307 1.0000304443
2461603.5010467530 1.0012464443
2461603.5012064753 1.0004578146
2461603.5013661976 1.0010658326
2461603.5015259199 1.0004800626
2461603.5016856422 0.9999349452
2461603.5018453645 0.9992307622
2461603.5020050863 1.0000772765
2461603.5021648086 0.9997931535
2461603.5023245309 1.0013600250
2461603.5024842531 1.0015765516
2461603.5026439754 0.9997155407
2461603.5028036977 0.9997663237
2461603.5029634200 0.9988064915
2461603.5031231418 1.0002935912
2461603.5032828641 1.0008845437
2461603.5034425864 0.9997295495
2461603.5036023087 0.9990393779
2461603.5037620310 0.9992449582
2461603.5039217533 1.0003719680
2461603.5040814755 1.0000212138
2461603.5042411974 0.9994307996
2461603.5044009201 0.9991191849
2461603.5045606419 1.0009174897
2461603.5047203642 1.0000949476
2461603.5048800865 0.9996004246
2461603.5050398088 1.0006985962
2461603.5051995311 0.9997641936
2461603.5053592529 1.0004716689
2461603.5055189757 0.9998081540
2461603.5056786975 1.0003941677
2461603.5058384198 0.9993429355
2461603.5059981421 0.9985867032
2461603.5061578644 0.9994480240
2461603.5063175866 1.0007779967
2461603.5064773085 1.0007685722
2461603.5066370312 0.9990251801
2461603.5067967530 0.9996161154
2461603.5069564753 0.9997793748
2461603.5071161976 0.9999922488
2461603.5072759199 1.0003594111
2461603.5074356422 0.9994673511
2461603.5075953640 0.9993859131
2461603.5077550868 0.9990019936
2461603.5079148086 1.0003718710
2461603.5080745309 0.9989389407
2461603.5082342532 1.0007862828
2461603.5083939754 0.9999692727
2461603.5085536977 0.9986148388
2461603.5087134200 1.0006805508
2461603.5088731423 1.0010820899
2461603.5090328641 1.0005144497
2461603.5091925864 1.0003500915
2461603.5093523087 1.0010699786
2461603.5095120310 1.0004257733
2461603.5096717533 1.0005415625
2461603.5098314756 0.9993458951
2461603.5099911978 0.9992751490
2461603.5101509197 1.0000225467
2461603.5103106420 1.0010144612
2461603.5104703642 0.9995432863
2461603.5106300865 1.0011360756
2461603.5107898088 0.9995682643
2461603.5109495311 0.9992986045
2461603.5111092534 1.0004688883
2461603.5112689752 0.9988583859
2461603.5114286975 1.0002738940
2461603.5115884198 0.9997492817
2461603.5117481421 1.0008827964
2461603.5119078644 1.0009094858
2461603.5120675866 1.0012961541
2461603.5122273089 1.0000454364
2461603.5123870308 0.9992639458
2461603.5125467530 1.0002551420
2461603.5127064753 0.9996293748
2461603.5128661976 1.0003480980
2461603.5130259199 0.9998276331
2461603.5131856422 0.9997506638
2461603.5133453645 1.0000104941
2461603.5135050863 0.9989182090
2461603.5136648086 1.0006661563
2461603.5138245309 0.9991366213
2461603.5139842532 0.9990489913
2461603.5141439755 0.9994170638
2461603.5143036977 0.9987424523
2461603.5144634200 0.9991161363
2461603.5146231418 0.9996979856
2461603.5147828641 0.9992741152
2461603.5149425864 1.0005668992
2461603.5151023087 0.9999687548
2461603.5152620310 0.9981238740
2461603.5154217533 1.0000966346
2461603.5155814756 1.0002996282
2461603.5157411974 1.0002184656
2461603.5159009197 1.0007412761
2461603.5160606420 0.9985682094
2461603.5162203643 0.9994429100
2461603.5163800865 1.0007007464
2461603.5165398088 0.9992745659
2461603.5166995311 0.9997054367
2461603.5168592529 0.9997251897
2461603.5170189752 0.9995778377
2461603.5171786975 0.9999976578
2461603.5173384198 0.9992801498
2461603.5174981421 1.0006112535
2461603.5176578644 1.0012562846
2461603.5178175867 0.9995854826
2461603.5179773085 0.9999358976
2461603.5181370312 1.0005980232
2461603.5182967531 1.0010750235
2461603.5184564753 1.0006410057
2461603.5186161976 0.9993348648
2461603.5187759199 0.9998664680
2461603.5189356422 0.9992168231
2461603.5190953640 0.9996416635
2461603.5192550868 0.9991571539
2461603.5194148086 0.9999363248
2461603.5195745309 0.9991016523
2461603.5197342532 1.0002174498
2461603.5198939755 0.9998703024
2461603.5200536977 1.0008443940
2461603.5202134196 1.0010525865
2461603.5203731423 0.9996311937
2461603.5205328641 0.9997762970
2461603.5206925864 1.0001822024
2461603.5208523087 1.0006409603
2461603.5210120310 1.0008799025
2461603.5211717533 0.9995251387
2461603.5213314751 0.9998235167
2461603.5214911979 1.0000592852
2461603.5216509197 1.0010158447
2461603.5218106420 0.9991516031
2461603.5219703643 0.9991309536
2461603.5221300866 0.9994426764
2461603.5222898088 1.0007718847
2461603.5224495311 0.9995225728
2461603.5226092534 0.9996697895
2461603.5227689752 1.0005688481
2461603.5229286975 1.0000591628
2461603.5230884198 1.0010217156
2461603.5232481421 1.0010332246
2461603.5234078644 0.9992620768
2461603.5235675867 0.9998121376
2461603.5237273090 1.0003015841
2461603.5238870308 1.0007976407
2461603.5240467531 1.0000230009
2461603.5242064754 0.9997174694
2461603.5243661976 1.0001838241
2461603.5245259199 1.0002648586
2461603.5246856422 1.0006739530
2461603.5248453645 0.9999673942
2461603.5250050863 1.0003473294
2461603.5251648086 1.0008311612
2461603.5253245309 1.0007247532
2461603.5254842532 0.9984739692
2461603.5256439755 0.9994152113
2461603.5258036978 1.0004292023
2461603.5259634200 0.9980099941
2461603.5261231419 1.0003153508
2461603.5262828642 0.9997878418
2461603.5264425864 0.9991125660
2461603.5266023087 0.9997109606
2461603.5267620310 1.0000712292
2461603.5269217533 0.9993716443
2461603.5270814756 0.9998057755
2461603.5272411974 1.0002340310
2461603.5274009197 0.9992509605
2461603.5275606420 1.0008710843
2461603.5277203643 1.0009660031
2461603.5278800866 0.9987956830
2461603.5280398089 0.9994313033
2461603.5281995311 1.0004880595
2461603.5283592530 1.0000844465
2461603.5285189752 0.9999461553
2461603.5286786975 1.0006450095
2461603.5288384198 1.0001164182
2461603.5289981421 0.9995027350
2461603.5291578644 1.0003722543
2461603.5293175867 1.0009835591
2461603.5294773085 0.9994406581
2461603.5296370308 1.0004829989
2461603.5297967531 1.0006229489
2461603.5299564754 0.9999991319
2461603.5301161977 0.9995705194
2461603.5302759199 1.0002391257
2461603.5304356422 0.9989099419
2461603.5305953640 1.0003434379
2461603.5307550863 0.9997575945
2461603.5309148086 0.9998623495
